15000, 40, 10, 4, 3, 1
15000, 40, 10, 3, 1
15000, 40, 10, 3, 1
15000, 40, 10, 3, 1
15000, 40, 10, 3, 1
15000, 40, 10, 2, 1
15000, 40, 10, 2, 1
15000, 40, 10, 2, 1
15000, 40, 10, 1
15000, 40, 10, 1
15000, 40, 10, 1
15000, 40, 10, 1
15000, 40, 10, 4, 1
15000, 40, 10, 4, 1
15000, 40, 10, 4, 1
15000, 40, 10, 4, 1
15000, 40, 11, 2, 1
15000, 40, 11, 2, 1
15000, 40, 11, 2, 1
15000, 40, 11, 5, 2, 1
15000, 40, 11, 5, 2, 1
15000, 40, 11, 5, 2, 1
15000, 40, 11, 5, 2, 1
15000, 40, 11, 5, 2, 1
15000, 40, 11, 2, 2, 1
15000, 40, 11, 2, 2, 1
15000, 40, 11, 2, 2, 1
15000, 40, 11, 2, 2, 1
15000, 40, 10, 2, 2, 1
15000, 40, 10, 2, 2, 1
15000, 40, 10, 2, 2, 1
15000, 40, 10, 2, 2, 1
15000, 40, 9, 3, 1
15000, 40, 9, 3, 1
15000, 40, 9, 3, 1
15000, 40, 9, 3, 2, 1
15000, 40, 9, 3, 2, 1
15000, 40, 9, 3, 2, 1
15000, 40, 9, 3, 2, 1
15000, 40, 9, 3, 2, 1
15000, 40, 9, 2, 1
15000, 40, 9, 2, 1
15000, 40, 9, 2, 1
15000, 40, 12, 5, 1
15000, 40, 11, 4, 1
15000, 40, 11, 4, 1
15000, 40, 9, 3, 2, 2, 2, 1
15000, 40, 9, 3, 2, 2, 2, 1
15000, 40, 9, 3, 2, 2, 2, 1
15000, 40, 9, 3, 2, 2, 2, 1
15000, 40, 10, 2, 1
15000, 40, 10, 2, 1
15000, 40, 11, 3, 1
15000, 40, 10, 2, 1
15000, 40, 10, 4, 2, 1
15000, 40, 10, 4, 2, 1
15000, 40, 10, 4, 2, 1
15000, 40, 10, 4, 2, 1
15000, 40, 10, 4, 2, 1
15000, 40, 10, 2, 1
15000, 40, 10, 2, 1
15000, 40, 10, 2, 1
15000, 40, 10, 2, 1
15000, 40, 11, 6, 3, 1
15000, 40, 11, 6, 3, 1
15000, 40, 11, 6, 3, 1
15000, 40, 11, 6, 3, 1
15000, 40, 8, 4, 1
15000, 40, 8, 4, 1
15000, 40, 8, 4, 1
15000, 40, 8, 4, 1
15000, 40, 11, 4, 1
15000, 40, 11, 4, 1
15000, 40, 11, 4, 1
15000, 40, 11, 4, 1
15000, 40, 10, 1
15000, 40, 10, 1
15000, 40, 10, 1
15000, 40, 10, 1
15000, 40, 8, 3, 2, 2, 2, 2, 1
15000, 40, 8, 3, 2, 2, 2, 2, 1
15000, 40, 8, 3, 2, 2, 2, 2, 1
15000, 40, 8, 3, 2, 2, 2, 2, 1
15000, 40, 8, 3, 2, 2, 2, 2, 1
15000, 40, 8, 2, 1
15000, 40, 8, 2, 1
15000, 40, 8, 2, 1
15000, 40, 8, 2, 1
15000, 40, 9, 3, 1
15000, 40, 9, 3, 1
15000, 40, 9, 3, 1
15000, 40, 9, 3, 1
15000, 40, 11, 3, 2, 2, 2, 2, 2, 1
15000, 40, 11, 3, 2, 2, 2, 2, 2, 1
15000, 40, 11, 3, 2, 2, 2, 2, 2, 1
15000, 40, 11, 3, 2, 2, 2, 2, 2, 1
15000, 40, 10, 3, 3, 3, 2, 1
15000, 40, 10, 3, 3, 3, 2, 1
15000, 40, 10, 3, 3, 3, 2, 1
15000, 40, 10, 3, 3, 3, 2, 1
