65000, 37, 10, 2, 1
65000, 37, 10, 5, 3, 1
65000, 37, 11, 3, 1
65000, 37, 11, 1
65000, 37, 10, 3, 1
65000, 37, 10, 3, 1
65000, 37, 9, 3, 2, 1
65000, 37, 11, 4, 1
65000, 37, 9, 2, 1
65000, 37, 8, 3, 1
65000, 37, 10, 2, 2, 2, 1
65000, 37, 8, 4, 2, 1
65000, 37, 11, 2, 1
65000, 37, 11, 4, 2, 1
65000, 37, 9, 4, 1
65000, 37, 10, 4, 1
65000, 37, 8, 3, 2, 1
65000, 37, 10, 3, 1
65000, 37, 11, 4, 3, 2, 1
65000, 37, 10, 4, 4, 3, 1
65000, 37, 8, 3, 2, 2, 1
65000, 37, 11, 4, 1
65000, 37, 10, 5, 2, 1
65000, 37, 11, 3, 1
65000, 37, 11, 5, 3, 1
65000, 37, 9, 3, 1
65000, 37, 9, 3, 2, 1
65000, 37, 9, 4, 3, 2, 1
65000, 37, 9, 3, 1
65000, 37, 9, 4, 1
65000, 37, 9, 2, 1
65000, 37, 11, 1
65000, 37, 10, 1
65000, 37, 11, 4, 1
65000, 37, 8, 3, 2, 2, 1
65000, 37, 7, 2, 1
65000, 37, 10, 4, 2, 1
65000, 37, 11, 4, 2, 1
65000, 37, 10, 3, 1
65000, 37, 10, 3, 1
65000, 37, 9, 4, 1
65000, 37, 10, 2, 1
65000, 37, 10, 2, 2, 1
65000, 37, 8, 3, 1
65000, 37, 11, 4, 1
65000, 37, 11, 4, 3, 1
65000, 37, 9, 3, 2, 1
65000, 37, 8, 3, 3, 2, 1
65000, 37, 11, 4, 2, 1
65000, 37, 9, 4, 1
65000, 37, 10, 2, 1
65000, 37, 9, 3, 2, 1
65000, 37, 8, 3, 2, 2, 1
65000, 37, 11, 3, 1
65000, 37, 8, 3, 2, 2, 1
65000, 37, 10, 4, 1
65000, 37, 10, 3, 1
65000, 37, 10, 2, 1
65000, 37, 10, 4, 1
65000, 37, 10, 3, 2, 1
65000, 37, 10, 1
65000, 37, 9, 1
65000, 37, 10, 4, 2, 1
65000, 37, 11, 2, 2, 1
65000, 37, 11, 2, 1
65000, 37, 9, 2, 2, 2, 1
65000, 37, 9, 4, 2, 2, 1
65000, 37, 10, 3, 2, 1
65000, 37, 10, 2, 1
65000, 37, 9, 2, 1
65000, 37, 10, 3, 1
65000, 37, 10, 3, 2, 1
65000, 37, 8, 2, 1
65000, 37, 11, 2, 2, 2, 1
65000, 37, 10, 1
65000, 37, 11, 4, 3, 1
65000, 37, 10, 2, 2, 2, 1
65000, 37, 9, 3, 2, 1
65000, 37, 10, 3, 1
65000, 37, 9, 4, 3, 2, 2, 1
65000, 37, 10, 5, 2, 1
65000, 37, 11, 5, 2, 2, 1
65000, 37, 11, 1
65000, 37, 10, 2, 1
65000, 37, 11, 3, 1
65000, 37, 9, 2, 1
65000, 37, 10, 3, 1
65000, 37, 9, 5, 2, 1
65000, 37, 11, 4, 2, 1
65000, 37, 9, 2, 1
65000, 37, 11, 3, 2, 1
65000, 37, 11, 2, 1
65000, 37, 10, 5, 3, 1
65000, 37, 11, 1
65000, 37, 10, 3, 2, 1
65000, 37, 10, 3, 2, 2, 1
65000, 37, 10, 3, 2, 1
65000, 37, 9, 3, 2, 2, 1
65000, 37, 11, 3, 1
65000, 37, 10, 3, 1
