30000, 1041, 255, 62, 16, 8, 2, 2, 1
30000, 1041, 247, 70, 19, 6, 2, 2, 2, 1
30000, 1041, 259, 73, 17, 6, 3, 1
30000, 1041, 257, 68, 17, 8, 4, 1
30000, 1041, 248, 55, 5, 3, 1
30000, 1041, 253, 56, 7, 3, 1
30000, 1041, 252, 66, 23, 7, 3, 1
30000, 1041, 244, 60, 19, 7, 3, 1
30000, 1041, 249, 69, 21, 10, 4, 2, 1
30000, 1041, 253, 67, 18, 9, 4, 2, 2, 1
30000, 1041, 245, 59, 15, 5, 2, 1
30000, 1041, 264, 60, 16, 6, 3, 1
30000, 1041, 262, 61, 16, 5, 2, 1
30000, 1041, 256, 56, 14, 6, 3, 2, 1
30000, 1041, 252, 57, 16, 7, 4, 2, 1
30000, 1041, 249, 50, 11, 6, 2, 1
30000, 1041, 250, 54, 11, 6, 3, 1
30000, 1041, 247, 63, 18, 6, 1
30000, 1041, 247, 62, 18, 6, 1
30000, 1041, 251, 61, 20, 8, 3, 1
30000, 1041, 246, 60, 23, 6, 3, 2, 1
30000, 1041, 245, 62, 25, 7, 3, 2, 1
30000, 1041, 247, 69, 23, 6, 3, 1
30000, 1041, 250, 72, 23, 7, 3, 1
30000, 1041, 259, 77, 16, 8, 2, 1
30000, 1041, 259, 77, 16, 8, 2, 1
30000, 1041, 250, 51, 14, 3, 1
30000, 1041, 252, 51, 15, 3, 1
30000, 1041, 254, 59, 22, 6, 3, 2, 1
30000, 1041, 250, 73, 17, 5, 1
30000, 1041, 248, 70, 18, 5, 1
30000, 1041, 252, 57, 19, 4, 1
30000, 1041, 257, 63, 24, 6, 1
30000, 1041, 250, 71, 17, 2, 2, 2, 1
30000, 1041, 253, 67, 15, 3, 2, 2, 1
30000, 1041, 242, 51, 16, 6, 2, 1
30000, 1041, 247, 50, 16, 6, 2, 1
30000, 1041, 250, 67, 24, 6, 3, 2, 2, 2, 1
30000, 1041, 262, 68, 16, 5, 2, 2, 1
30000, 1041, 258, 63, 14, 3, 1
30000, 1041, 257, 62, 15, 6, 2, 2, 2, 1
30000, 1041, 251, 57, 17, 5, 2, 2, 2, 1
30000, 1041, 257, 60, 12, 5, 1
30000, 1041, 257, 63, 14, 6, 2, 2, 2, 1
30000, 1041, 243, 60, 18, 7, 4, 1
30000, 1041, 245, 61, 16, 5, 3, 1
30000, 1041, 253, 61, 25, 8, 2, 1
30000, 1041, 250, 50, 13, 6, 4, 3, 1
30000, 1041, 253, 55, 15, 8, 5, 3, 1
30000, 1041, 243, 63, 16, 7, 4, 1
30000, 1041, 243, 60, 14, 6, 4, 1
30000, 1041, 246, 66, 20, 8, 4, 3, 1
30000, 1041, 243, 66, 19, 7, 4, 3, 1
30000, 1041, 252, 55, 16, 4, 1
30000, 1041, 253, 51, 16, 5, 2, 1
30000, 1041, 256, 59, 20, 5, 1
30000, 1041, 246, 67, 17, 7, 2, 1
30000, 1041, 243, 66, 15, 4, 2, 1
30000, 1041, 245, 52, 19, 7, 3, 1
30000, 1041, 247, 51, 20, 7, 2, 1
30000, 1041, 259, 65, 18, 5, 3, 2, 2, 1
30000, 1041, 258, 63, 17, 4, 2, 2, 2, 1
30000, 1041, 248, 58, 13, 6, 4, 2, 2, 1
30000, 1041, 255, 66, 13, 6, 4, 2, 2, 1
30000, 1041, 273, 58, 16, 3, 2, 1
30000, 1041, 256, 62, 23, 11, 6, 2, 1
30000, 1041, 248, 56, 19, 11, 6, 2, 1
30000, 1041, 255, 65, 17, 4, 1
30000, 1041, 256, 66, 18, 6, 2, 1
30000, 1041, 248, 45, 18, 9, 5, 1
30000, 1041, 250, 46, 19, 9, 5, 1
30000, 1041, 249, 69, 18, 6, 2, 1
30000, 1041, 253, 68, 16, 6, 2, 1
30000, 1041, 250, 59, 21, 4, 1
30000, 1041, 247, 54, 10, 3, 1
30000, 1041, 247, 55, 11, 4, 1
30000, 1041, 259, 68, 21, 7, 4, 3, 2, 2, 2, 1
30000, 1041, 255, 70, 23, 6, 4, 3, 2, 2, 2, 1
30000, 1041, 250, 62, 15, 5, 4, 2, 2, 1
30000, 1041, 253, 64, 19, 6, 5, 2, 2, 1
30000, 1041, 255, 67, 18, 8, 3, 2, 1
30000, 1041, 254, 66, 20, 8, 2, 2, 1
30000, 1041, 249, 64, 18, 3, 2, 1
30000, 1041, 256, 73, 16, 9, 4, 1
30000, 1041, 250, 70, 16, 9, 3, 1
30000, 1041, 256, 63, 27, 10, 4, 1
30000, 1041, 262, 68, 29, 12, 5, 2, 2, 2, 2, 1
30000, 1041, 258, 70, 18, 7, 1
30000, 1041, 253, 67, 17, 8, 1
30000, 1041, 248, 68, 22, 9, 5, 2, 1
30000, 1041, 248, 68, 22, 9, 6, 3, 2, 1
30000, 1041, 251, 50, 16, 9, 5, 2, 1
30000, 1041, 254, 55, 17, 10, 6, 2, 1
30000, 1041, 254, 77, 21, 4, 2, 1
30000, 1041, 242, 78, 24, 13, 8, 5, 1
30000, 1041, 247, 75, 25, 14, 8, 5, 1
30000, 1041, 259, 77, 27, 9, 2, 1
30000, 1041, 260, 80, 28, 9, 3, 2, 2, 1
30000, 1041, 250, 76, 19, 6, 3, 2, 1
30000, 1041, 249, 71, 17, 6, 4, 2, 1
