20000, 694, 170, 40, 11, 4, 3, 2, 1
20000, 694, 165, 38, 9, 4, 3, 2, 1
20000, 694, 164, 37, 9, 4, 3, 2, 1
20000, 694, 175, 50, 14, 6, 2, 1
20000, 694, 174, 51, 14, 6, 2, 1
20000, 694, 170, 49, 14, 6, 2, 1
20000, 694, 171, 43, 8, 3, 2, 2, 1
20000, 694, 168, 46, 10, 3, 2, 2, 1
20000, 694, 170, 43, 9, 4, 2, 2, 1
20000, 694, 159, 37, 10, 4, 1
20000, 694, 161, 39, 11, 4, 1
20000, 694, 163, 40, 11, 5, 1
20000, 694, 173, 39, 9, 5, 1
20000, 694, 172, 39, 9, 4, 1
20000, 694, 169, 53, 15, 5, 4, 2, 1
20000, 694, 167, 52, 13, 5, 4, 2, 1
20000, 694, 167, 50, 14, 5, 4, 2, 1
20000, 694, 167, 52, 13, 4, 3, 1
20000, 694, 165, 47, 12, 4, 3, 1
20000, 694, 169, 49, 14, 5, 3, 1
20000, 694, 167, 44, 12, 5, 2, 1
20000, 694, 167, 43, 11, 5, 2, 1
20000, 694, 174, 46, 12, 5, 2, 1
20000, 694, 166, 44, 10, 4, 2, 1
20000, 694, 168, 44, 12, 6, 2, 1
20000, 694, 165, 45, 11, 5, 2, 1
20000, 694, 165, 29, 10, 4, 2, 2, 1
20000, 694, 166, 33, 12, 5, 3, 3, 2, 2, 1
20000, 694, 168, 30, 10, 4, 2, 2, 1
20000, 694, 165, 40, 15, 8, 5, 1
20000, 694, 163, 40, 14, 8, 4, 2, 2, 2, 2, 1
20000, 694, 162, 40, 13, 6, 3, 1
20000, 694, 176, 45, 14, 5, 2, 1
20000, 694, 175, 47, 14, 5, 2, 1
20000, 694, 175, 45, 13, 5, 2, 1
20000, 694, 167, 47, 16, 7, 2, 1
20000, 694, 164, 45, 13, 6, 2, 1
20000, 694, 163, 45, 13, 6, 2, 1
20000, 694, 168, 47, 12, 4, 2, 2, 2, 2, 1
20000, 694, 169, 48, 12, 5, 2, 1
20000, 694, 166, 46, 11, 3, 1
20000, 694, 171, 49, 15, 4, 1
20000, 694, 171, 49, 14, 5, 1
20000, 694, 168, 46, 13, 4, 1
20000, 694, 169, 41, 16, 8, 4, 3, 1
20000, 694, 166, 37, 12, 4, 2, 2, 1
20000, 694, 168, 39, 13, 4, 2, 2, 1
20000, 694, 161, 43, 18, 7, 5, 1
20000, 694, 165, 46, 21, 9, 6, 1
20000, 694, 163, 41, 18, 7, 5, 1
20000, 694, 170, 45, 12, 1
20000, 694, 172, 44, 11, 2, 1
20000, 694, 168, 48, 10, 5, 3, 1
20000, 694, 167, 44, 7, 3, 2, 1
20000, 694, 167, 44, 8, 3, 2, 1
20000, 694, 158, 37, 14, 4, 1
20000, 694, 161, 41, 13, 4, 1
20000, 694, 162, 41, 17, 6, 3, 1
20000, 694, 170, 45, 16, 6, 3, 1
20000, 694, 164, 38, 12, 4, 2, 1
20000, 694, 164, 41, 13, 4, 2, 1
20000, 694, 172, 37, 12, 3, 2, 2, 1
20000, 694, 172, 38, 11, 4, 3, 3, 1
20000, 694, 169, 37, 12, 5, 2, 2, 1
20000, 694, 170, 50, 15, 5, 1
20000, 694, 169, 50, 16, 6, 1
20000, 694, 170, 54, 18, 6, 1
20000, 694, 167, 45, 13, 6, 2, 1
20000, 694, 167, 45, 13, 6, 2, 1
20000, 694, 169, 45, 14, 8, 4, 3, 2, 1
20000, 694, 167, 44, 11, 2, 2, 1
20000, 694, 170, 46, 12, 3, 3, 1
20000, 694, 170, 43, 12, 3, 2, 1
20000, 694, 164, 37, 10, 3, 2, 1
20000, 694, 166, 41, 11, 3, 2, 1
20000, 694, 167, 38, 10, 3, 2, 1
20000, 694, 173, 42, 11, 2, 2, 1
20000, 694, 171, 43, 12, 2, 2, 1
20000, 694, 171, 41, 11, 2, 2, 1
20000, 694, 165, 36, 7, 3, 2, 2, 2, 2, 2, 1
20000, 694, 167, 37, 10, 4, 2, 2, 2, 2, 2, 1
20000, 694, 164, 35, 8, 3, 2, 2, 2, 2, 2, 1
20000, 694, 169, 41, 11, 3, 3, 3, 3, 1
20000, 694, 171, 43, 14, 6, 5, 3, 3, 1
20000, 694, 183, 60, 17, 4, 2, 1
20000, 694, 180, 58, 17, 4, 2, 1
20000, 694, 180, 59, 17, 4, 2, 1
20000, 694, 180, 42, 12, 7, 2, 2, 1
20000, 694, 173, 41, 11, 6, 2, 1
20000, 694, 172, 42, 11, 6, 2, 1
20000, 694, 173, 36, 13, 7, 1
20000, 694, 174, 35, 12, 6, 1
20000, 694, 172, 33, 11, 6, 1
20000, 694, 184, 48, 14, 5, 1
20000, 694, 184, 47, 12, 4, 1
20000, 694, 181, 47, 13, 4, 1
20000, 694, 170, 47, 12, 4, 3, 3, 2, 1
20000, 694, 165, 47, 15, 4, 3, 3, 2, 1
20000, 694, 167, 46, 12, 4, 3, 3, 2, 1
20000, 694, 162, 29, 12, 5, 2, 2, 1
