15000, 520, 131, 35, 10, 3, 2, 1
15000, 520, 126, 42, 13, 3, 2, 1
15000, 520, 126, 44, 15, 4, 2, 1
15000, 520, 125, 42, 13, 3, 2, 1
15000, 520, 127, 36, 13, 2, 1
15000, 520, 124, 35, 13, 2, 1
15000, 520, 129, 38, 15, 3, 2, 2, 2, 2, 1
15000, 520, 129, 36, 14, 2, 1
15000, 520, 124, 34, 9, 4, 3, 1
15000, 520, 128, 34, 9, 4, 3, 1
15000, 520, 123, 33, 9, 4, 3, 1
15000, 520, 124, 34, 11, 5, 4, 2, 2, 1
15000, 520, 134, 43, 10, 4, 2, 1
15000, 520, 135, 43, 11, 5, 2, 1
15000, 520, 132, 38, 9, 3, 2, 1
15000, 520, 135, 39, 10, 3, 2, 1
15000, 520, 131, 31, 6, 3, 2, 2, 1
15000, 520, 132, 30, 5, 2, 1
15000, 520, 133, 31, 6, 2, 1
15000, 520, 136, 34, 7, 4, 3, 2, 2, 1
15000, 520, 125, 36, 10, 4, 2, 1
15000, 520, 123, 37, 9, 4, 2, 1
15000, 520, 125, 38, 10, 6, 2, 1
15000, 520, 122, 36, 9, 3, 1
15000, 520, 131, 35, 9, 4, 2, 1
15000, 520, 135, 39, 12, 4, 2, 1
15000, 520, 133, 36, 11, 5, 3, 2, 1
15000, 520, 137, 37, 11, 4, 2, 1
15000, 520, 123, 23, 10, 5, 2, 1
15000, 520, 127, 23, 10, 4, 2, 1
15000, 520, 123, 21, 8, 4, 2, 1
15000, 520, 122, 20, 8, 4, 2, 1
15000, 520, 124, 38, 9, 2, 1
15000, 520, 123, 38, 10, 2, 1
15000, 520, 126, 38, 9, 2, 1
15000, 520, 129, 36, 10, 3, 1
15000, 520, 125, 29, 13, 4, 1
15000, 520, 124, 28, 12, 4, 1
15000, 520, 126, 28, 13, 5, 2, 1
15000, 520, 127, 30, 12, 5, 1
15000, 520, 129, 35, 9, 3, 1
15000, 520, 130, 37, 10, 3, 1
15000, 520, 129, 35, 8, 4, 2, 1
15000, 520, 127, 35, 8, 3, 1
15000, 520, 126, 33, 5, 3, 1
15000, 520, 129, 33, 4, 2, 1
15000, 520, 127, 34, 7, 3, 2, 1
15000, 520, 126, 31, 6, 4, 1
15000, 520, 123, 32, 10, 2, 1
15000, 520, 125, 30, 9, 1
15000, 520, 128, 33, 11, 2, 1
15000, 520, 126, 31, 10, 1
15000, 520, 130, 33, 11, 4, 1
15000, 520, 127, 31, 11, 4, 2, 2, 2, 2, 2, 1
15000, 520, 127, 31, 10, 4, 2, 2, 2, 2, 2, 1
15000, 520, 128, 31, 11, 5, 1
15000, 520, 127, 38, 10, 5, 3, 2, 1
15000, 520, 130, 41, 11, 5, 3, 2, 1
15000, 520, 128, 40, 11, 5, 3, 2, 1
15000, 520, 127, 42, 12, 6, 3, 2, 1
15000, 520, 120, 34, 12, 6, 4, 1
15000, 520, 121, 36, 12, 5, 3, 1
15000, 520, 118, 31, 11, 5, 3, 1
15000, 520, 119, 34, 13, 6, 3, 1
15000, 520, 120, 34, 11, 5, 3, 1
15000, 520, 127, 31, 7, 2, 1
15000, 520, 125, 30, 7, 3, 1
15000, 520, 126, 31, 6, 2, 2, 1
15000, 520, 125, 30, 7, 1
15000, 520, 135, 36, 9, 2, 1
15000, 520, 132, 38, 10, 3, 2, 1
15000, 520, 131, 37, 9, 2, 1
15000, 520, 129, 35, 9, 2, 1
15000, 520, 125, 35, 8, 2, 1
15000, 520, 128, 36, 11, 3, 2, 1
15000, 520, 127, 34, 8, 3, 2, 2, 2, 2, 1
15000, 520, 125, 33, 8, 2, 1
15000, 520, 129, 30, 7, 2, 2, 1
15000, 520, 127, 25, 8, 1
15000, 520, 128, 27, 7, 2, 1
15000, 520, 126, 28, 9, 3, 2, 1
15000, 520, 125, 30, 9, 1
15000, 520, 124, 32, 10, 1
15000, 520, 122, 30, 9, 1
15000, 520, 123, 32, 9, 1
15000, 520, 130, 36, 10, 4, 1
15000, 520, 127, 32, 8, 3, 1
15000, 520, 127, 32, 9, 4, 1
15000, 520, 130, 34, 9, 3, 1
15000, 520, 127, 26, 7, 3, 1
15000, 520, 130, 27, 7, 4, 1
15000, 520, 126, 25, 6, 3, 1
15000, 520, 126, 27, 8, 3, 1
15000, 520, 128, 29, 7, 2, 1
15000, 520, 125, 30, 9, 2, 1
15000, 520, 125, 29, 7, 2, 1
15000, 520, 124, 29, 7, 2, 1
15000, 520, 127, 23, 7, 2, 1
15000, 520, 124, 22, 7, 2, 1
15000, 520, 131, 25, 8, 3, 1
