10000, 347, 88, 18, 7, 3, 1
10000, 347, 79, 21, 7, 3, 2, 1
10000, 347, 79, 21, 7, 3, 2, 1
10000, 347, 80, 22, 7, 3, 2, 1
10000, 347, 78, 21, 8, 3, 2, 1
10000, 347, 81, 20, 8, 3, 2, 1
10000, 347, 77, 20, 8, 3, 2, 1
10000, 347, 80, 20, 7, 3, 2, 1
10000, 347, 83, 22, 2, 1
10000, 347, 82, 22, 2, 1
10000, 347, 84, 21, 2, 1
10000, 347, 81, 21, 2, 1
10000, 347, 81, 22, 3, 1
10000, 347, 83, 22, 3, 2, 1
10000, 347, 83, 20, 6, 3, 1
10000, 347, 83, 20, 6, 3, 1
10000, 347, 86, 23, 9, 4, 2, 1
10000, 347, 85, 22, 8, 3, 1
10000, 347, 85, 21, 6, 3, 1
10000, 347, 85, 22, 7, 3, 1
10000, 347, 88, 22, 5, 2, 2, 1
10000, 347, 89, 20, 6, 3, 2, 1
10000, 347, 89, 21, 5, 3, 3, 1
10000, 347, 88, 21, 5, 2, 2, 1
10000, 347, 88, 22, 7, 4, 2, 1
10000, 347, 82, 21, 2, 1
10000, 347, 84, 24, 3, 1
10000, 347, 83, 21, 3, 1
10000, 347, 82, 21, 2, 1
10000, 347, 86, 22, 4, 2, 1
10000, 347, 83, 21, 2, 1
10000, 347, 84, 22, 2, 1
10000, 347, 87, 18, 8, 4, 1
10000, 347, 84, 21, 10, 5, 1
10000, 347, 84, 18, 8, 4, 1
10000, 347, 84, 18, 8, 4, 1
10000, 347, 87, 19, 8, 4, 2, 1
10000, 347, 84, 18, 8, 4, 1
10000, 347, 86, 22, 9, 5, 3, 2, 2, 1
10000, 347, 85, 22, 8, 5, 3, 2, 2, 1
10000, 347, 86, 24, 10, 6, 3, 2, 2, 1
10000, 347, 86, 24, 9, 5, 3, 2, 2, 1
10000, 347, 85, 23, 9, 6, 3, 2, 2, 1
10000, 347, 87, 25, 8, 5, 3, 2, 2, 1
10000, 347, 82, 22, 6, 4, 2, 2, 2, 2, 2, 1
10000, 347, 79, 21, 5, 2, 1
10000, 347, 82, 24, 5, 2, 1
10000, 347, 81, 21, 4, 2, 1
10000, 347, 79, 20, 5, 2, 1
10000, 347, 78, 21, 5, 3, 1
10000, 347, 79, 20, 4, 2, 1
10000, 347, 82, 17, 6, 1
10000, 347, 81, 15, 4, 1
10000, 347, 79, 15, 4, 1
10000, 347, 81, 16, 4, 1
10000, 347, 82, 17, 5, 1
10000, 347, 81, 16, 4, 2, 1
10000, 347, 82, 16, 5, 1
10000, 347, 79, 20, 4, 1
10000, 347, 82, 19, 4, 1
10000, 347, 83, 20, 6, 1
10000, 347, 84, 21, 5, 1
10000, 347, 81, 19, 5, 2, 1
10000, 347, 83, 21, 6, 2, 1
10000, 347, 81, 19, 4, 1
10000, 347, 82, 19, 9, 3, 2, 1
10000, 347, 82, 20, 10, 4, 2, 1
10000, 347, 80, 19, 9, 3, 2, 1
10000, 347, 80, 18, 9, 3, 2, 1
10000, 347, 82, 19, 10, 4, 2, 1
10000, 347, 80, 18, 9, 3, 2, 1
10000, 347, 86, 26, 10, 3, 1
10000, 347, 86, 26, 10, 3, 1
10000, 347, 86, 28, 10, 3, 1
10000, 347, 86, 26, 10, 3, 1
10000, 347, 85, 26, 10, 3, 1
10000, 347, 85, 28, 10, 3, 1
10000, 347, 85, 27, 11, 4, 1
10000, 347, 83, 16, 5, 3, 1
10000, 347, 86, 19, 7, 4, 2, 1
10000, 347, 84, 17, 6, 3, 1
10000, 347, 85, 16, 5, 3, 1
10000, 347, 84, 17, 5, 3, 1
10000, 347, 84, 16, 5, 3, 1
10000, 347, 84, 17, 6, 3, 1
10000, 347, 89, 23, 6, 2, 1
10000, 347, 87, 23, 4, 2, 1
10000, 347, 85, 21, 4, 2, 1
10000, 347, 86, 22, 5, 2, 1
10000, 347, 85, 22, 5, 2, 1
10000, 347, 85, 21, 4, 2, 1
10000, 347, 86, 22, 4, 2, 1
10000, 347, 84, 23, 9, 4, 2, 1
10000, 347, 88, 24, 10, 4, 2, 1
10000, 347, 85, 24, 11, 4, 2, 1
10000, 347, 87, 23, 9, 4, 2, 1
10000, 347, 85, 24, 10, 4, 2, 1
10000, 347, 84, 24, 9, 4, 2, 1
10000, 347, 85, 21, 6, 2, 2, 1
10000, 347, 86, 20, 7, 3, 3, 1
