95000, 54, 13, 2, 1
95000, 54, 14, 5, 2, 1
95000, 54, 14, 4, 2, 1
95000, 54, 14, 5, 2, 1
95000, 54, 12, 5, 2, 1
95000, 54, 12, 2, 2, 1
95000, 54, 14, 4, 1
95000, 54, 12, 5, 3, 1
95000, 54, 12, 3, 2, 1
95000, 54, 13, 4, 3, 2, 1
95000, 54, 14, 5, 2, 1
95000, 54, 13, 3, 2, 1
95000, 54, 12, 4, 2, 2, 1
95000, 54, 14, 5, 1
95000, 54, 14, 5, 3, 1
95000, 54, 13, 3, 2, 1
95000, 54, 13, 3, 3, 2, 2, 1
95000, 54, 12, 4, 3, 1
95000, 54, 14, 4, 1
95000, 54, 13, 4, 1
95000, 54, 13, 4, 2, 1
95000, 54, 13, 5, 1
95000, 54, 12, 2, 1
95000, 54, 13, 3, 1
95000, 54, 12, 5, 2, 1
95000, 54, 14, 4, 1
95000, 54, 11, 4, 3, 3, 2, 2, 1
95000, 54, 14, 3, 1
95000, 54, 15, 4, 2, 2, 2, 1
95000, 54, 14, 5, 2, 2, 1
95000, 54, 14, 5, 2, 1
95000, 54, 14, 5, 2, 1
95000, 54, 10, 3, 3, 2, 1
95000, 54, 14, 3, 1
95000, 54, 15, 6, 2, 2, 1
95000, 54, 12, 4, 2, 2, 1
95000, 54, 14, 4, 1
95000, 54, 13, 2, 1
95000, 54, 14, 4, 2, 1
95000, 54, 14, 2, 1
95000, 54, 12, 1
95000, 54, 14, 3, 1
95000, 54, 14, 6, 2, 1
95000, 54, 12, 2, 1
95000, 54, 12, 2, 1
95000, 54, 14, 5, 2, 1
95000, 54, 12, 2, 2, 2, 1
95000, 54, 13, 4, 1
95000, 54, 13, 3, 1
95000, 54, 12, 2, 1
95000, 54, 13, 5, 1
95000, 54, 14, 2, 1
95000, 54, 14, 2, 2, 1
95000, 54, 14, 5, 3, 2, 2, 1
95000, 54, 12, 6, 2, 2, 1
95000, 54, 15, 7, 3, 1
95000, 54, 13, 3, 1
95000, 54, 14, 4, 1
95000, 54, 12, 4, 1
95000, 54, 12, 7, 2, 1
95000, 54, 13, 7, 3, 2, 1
95000, 54, 13, 5, 2, 2, 1
95000, 54, 14, 5, 1
95000, 54, 14, 6, 2, 1
95000, 54, 13, 3, 2, 1
95000, 54, 11, 4, 1
95000, 54, 13, 5, 1
95000, 54, 13, 4, 3, 1
95000, 54, 11, 2, 1
95000, 54, 13, 5, 2, 1
95000, 54, 14, 4, 1
95000, 54, 12, 3, 2, 2, 1
95000, 54, 14, 4, 3, 1
95000, 54, 14, 4, 2, 1
95000, 54, 10, 4, 2, 1
95000, 54, 13, 4, 3, 3, 2, 1
95000, 54, 13, 2, 1
95000, 54, 12, 3, 2, 1
95000, 54, 13, 3, 1
95000, 54, 14, 3, 2, 1
95000, 54, 14, 6, 2, 2, 2, 2, 1
95000, 54, 15, 4, 1
95000, 54, 15, 5, 3, 2, 1
95000, 54, 13, 4, 1
95000, 54, 13, 4, 2, 1
95000, 54, 14, 4, 2, 2, 1
95000, 54, 13, 3, 1
95000, 54, 13, 5, 1
95000, 54, 14, 5, 2, 2, 1
95000, 54, 12, 3, 2, 2, 1
95000, 54, 13, 5, 2, 2, 1
95000, 54, 13, 3, 2, 2, 2, 1
95000, 54, 14, 2, 1
95000, 54, 13, 4, 1
95000, 54, 12, 3, 2, 1
95000, 54, 15, 4, 3, 1
95000, 54, 12, 3, 1
95000, 54, 15, 4, 2, 1
95000, 54, 13, 2, 1
95000, 54, 14, 4, 1
