75000, 43, 12, 3, 3, 2, 1
75000, 43, 8, 4, 3, 1
75000, 43, 11, 3, 1
75000, 43, 10, 5, 2, 1
75000, 43, 10, 2, 1
75000, 43, 11, 5, 3, 2, 1
75000, 43, 12, 4, 2, 1
75000, 43, 12, 3, 2, 1
75000, 43, 10, 1
75000, 43, 12, 5, 2, 1
75000, 43, 12, 5, 3, 2, 2, 1
75000, 43, 11, 3, 2, 1
75000, 43, 11, 4, 2, 1
75000, 43, 11, 4, 1
75000, 43, 9, 2, 2, 1
75000, 43, 11, 3, 1
75000, 43, 12, 4, 1
75000, 43, 11, 3, 2, 1
75000, 43, 9, 3, 2, 1
75000, 43, 10, 2, 1
75000, 43, 10, 4, 1
75000, 43, 10, 2, 2, 1
75000, 43, 11, 2, 1
75000, 43, 11, 4, 2, 2, 1
75000, 43, 11, 2, 2, 1
75000, 43, 11, 3, 1
75000, 43, 11, 1
75000, 43, 11, 2, 2, 2, 1
75000, 43, 11, 3, 2, 1
75000, 43, 10, 6, 2, 1
75000, 43, 8, 2, 1
75000, 43, 10, 4, 2, 2, 1
75000, 43, 8, 2, 1
75000, 43, 8, 3, 2, 1
75000, 43, 10, 2, 2, 2, 1
75000, 43, 9, 5, 1
75000, 43, 10, 3, 3, 1
75000, 43, 11, 2, 1
75000, 43, 11, 3, 1
75000, 43, 11, 4, 2, 1
75000, 43, 10, 2, 1
75000, 43, 11, 3, 1
75000, 43, 10, 2, 2, 1
75000, 43, 9, 1
75000, 43, 10, 5, 2, 1
75000, 43, 9, 3, 2, 1
75000, 43, 12, 3, 1
75000, 43, 12, 3, 2, 2, 1
75000, 43, 8, 3, 1
75000, 43, 12, 5, 1
75000, 43, 10, 3, 1
75000, 43, 10, 4, 2, 1
75000, 43, 10, 3, 3, 3, 1
75000, 43, 11, 3, 1
75000, 43, 12, 2, 1
75000, 43, 10, 2, 1
75000, 43, 11, 3, 1
75000, 43, 9, 2, 1
75000, 43, 10, 2, 2, 1
75000, 43, 10, 1
75000, 43, 10, 5, 4, 1
75000, 43, 11, 2, 1
75000, 43, 8, 3, 1
75000, 43, 11, 5, 3, 1
75000, 43, 11, 4, 2, 2, 1
75000, 43, 9, 5, 1
75000, 43, 11, 1
75000, 43, 10, 4, 1
75000, 43, 10, 2, 1
75000, 43, 11, 3, 1
75000, 43, 10, 1
75000, 43, 12, 2, 1
75000, 43, 10, 5, 3, 2, 1
75000, 43, 12, 6, 3, 2, 1
75000, 43, 10, 4, 2, 1
75000, 43, 10, 3, 1
75000, 43, 12, 5, 2, 2, 1
75000, 43, 12, 2, 2, 1
75000, 43, 10, 3, 1
75000, 43, 10, 2, 1
75000, 43, 11, 3, 2, 1
75000, 43, 10, 3, 1
75000, 43, 9, 4, 3, 2, 1
75000, 43, 9, 3, 1
75000, 43, 11, 3, 2, 1
75000, 43, 10, 5, 1
75000, 43, 9, 3, 1
75000, 43, 11, 4, 2, 1
75000, 43, 10, 4, 2, 1
75000, 43, 11, 5, 1
75000, 43, 11, 5, 2, 1
75000, 43, 11, 1
75000, 43, 11, 4, 1
75000, 43, 8, 3, 2, 2, 1
75000, 43, 11, 3, 1
75000, 43, 11, 3, 2, 1
75000, 43, 10, 3, 1
75000, 43, 10, 4, 1
75000, 43, 10, 2, 2, 1
75000, 43, 9, 1
