70000, 40, 9, 3, 1
70000, 40, 8, 4, 2, 2, 1
70000, 40, 10, 3, 1
70000, 40, 9, 3, 1
70000, 40, 9, 3, 1
70000, 40, 10, 2, 1
70000, 40, 11, 5, 2, 1
70000, 40, 11, 3, 1
70000, 40, 11, 4, 2, 2, 1
70000, 40, 10, 2, 1
70000, 40, 10, 4, 2, 2, 2, 2, 1
70000, 40, 9, 1
70000, 40, 7, 3, 2, 1
70000, 40, 11, 6, 4, 1
70000, 40, 8, 3, 2, 2, 2, 1
70000, 40, 11, 5, 2, 1
70000, 40, 10, 3, 2, 1
70000, 40, 11, 4, 1
70000, 40, 11, 3, 1
70000, 40, 10, 6, 2, 1
70000, 40, 10, 3, 3, 3, 2, 1
70000, 40, 9, 1
70000, 40, 10, 2, 1
70000, 40, 11, 2, 2, 2, 1
70000, 40, 8, 3, 1
70000, 40, 9, 2, 2, 1
70000, 40, 11, 4, 1
70000, 40, 9, 4, 3, 2, 1
70000, 40, 11, 4, 3, 3, 1
70000, 40, 10, 2, 1
70000, 40, 10, 3, 2, 1
70000, 40, 10, 6, 4, 2, 1
70000, 40, 9, 6, 2, 1
70000, 40, 11, 2, 1
70000, 40, 11, 3, 1
70000, 40, 9, 2, 2, 2, 2, 2, 2, 1
70000, 40, 10, 3, 2, 1
70000, 40, 10, 3, 2, 1
70000, 40, 11, 3, 1
70000, 40, 10, 5, 1
70000, 40, 9, 2, 1
70000, 40, 10, 4, 1
70000, 40, 10, 4, 3, 2, 2, 1
70000, 40, 10, 3, 1
70000, 40, 10, 2, 2, 1
70000, 40, 10, 4, 2, 1
70000, 40, 10, 4, 2, 1
70000, 40, 10, 2, 2, 1
70000, 40, 8, 3, 3, 1
70000, 40, 11, 3, 1
70000, 40, 8, 2, 1
70000, 40, 10, 3, 1
70000, 40, 10, 2, 1
70000, 40, 8, 4, 2, 2, 1
70000, 40, 11, 3, 1
70000, 40, 11, 2, 2, 1
70000, 40, 9, 1
70000, 40, 9, 2, 1
70000, 40, 10, 3, 2, 1
70000, 40, 11, 4, 1
70000, 40, 10, 5, 2, 1
70000, 40, 10, 3, 2, 2, 1
70000, 40, 10, 2, 2, 1
70000, 40, 9, 4, 1
70000, 40, 10, 3, 1
70000, 40, 10, 3, 1
70000, 40, 11, 2, 1
70000, 40, 11, 3, 2, 1
70000, 40, 10, 4, 3, 1
70000, 40, 11, 3, 2, 2, 2, 2, 1
70000, 40, 9, 2, 1
70000, 40, 8, 4, 3, 1
70000, 40, 10, 4, 1
70000, 40, 11, 1
70000, 40, 11, 3, 2, 1
70000, 40, 9, 4, 2, 1
70000, 40, 10, 4, 1
70000, 40, 11, 4, 1
70000, 40, 10, 4, 1
70000, 40, 8, 2, 1
70000, 40, 11, 2, 2, 1
70000, 40, 8, 1
70000, 40, 11, 2, 1
70000, 40, 8, 2, 1
70000, 40, 9, 5, 3, 2, 1
70000, 40, 9, 3, 2, 2, 2, 1
70000, 40, 9, 3, 3, 1
70000, 40, 9, 3, 2, 2, 1
70000, 40, 11, 5, 2, 2, 1
70000, 40, 10, 2, 1
70000, 40, 8, 3, 2, 2, 1
70000, 40, 10, 2, 2, 1
70000, 40, 10, 4, 1
70000, 40, 10, 6, 3, 3, 2, 2, 1
70000, 40, 11, 1
70000, 40, 9, 3, 1
70000, 40, 9, 5, 3, 1
70000, 40, 9, 3, 1
70000, 40, 10, 3, 1
70000, 40, 11, 3, 1
