90000, 52, 13, 5, 2, 1
90000, 52, 15, 5, 1
90000, 52, 13, 4, 2, 2, 1
90000, 52, 11, 4, 2, 2, 1
90000, 52, 12, 1
90000, 52, 13, 3, 2, 2, 1
90000, 52, 12, 5, 2, 1
90000, 52, 12, 3, 2, 2, 1
90000, 52, 12, 4, 2, 2, 2, 1
90000, 52, 12, 4, 1
90000, 52, 13, 4, 3, 1
90000, 52, 13, 6, 2, 1
90000, 52, 12, 3, 2, 1
90000, 52, 11, 2, 1
90000, 52, 14, 5, 1
90000, 52, 12, 5, 2, 1
90000, 52, 13, 5, 3, 2, 1
90000, 52, 13, 5, 4, 2, 1
90000, 52, 13, 4, 2, 1
90000, 52, 12, 4, 1
90000, 52, 12, 2, 1
90000, 52, 14, 2, 1
90000, 52, 14, 4, 2, 1
90000, 52, 12, 3, 1
90000, 52, 13, 6, 1
90000, 52, 12, 4, 1
90000, 52, 11, 4, 1
90000, 52, 14, 6, 1
90000, 52, 12, 4, 1
90000, 52, 14, 4, 1
90000, 52, 13, 5, 1
90000, 52, 13, 2, 1
90000, 52, 14, 3, 1
90000, 52, 12, 3, 1
90000, 52, 11, 5, 2, 2, 1
90000, 52, 11, 3, 3, 2, 1
90000, 52, 13, 3, 1
90000, 52, 13, 4, 1
90000, 52, 12, 3, 1
90000, 52, 13, 2, 1
90000, 52, 13, 6, 3, 1
90000, 52, 11, 5, 1
90000, 52, 11, 5, 1
90000, 52, 11, 4, 2, 2, 2, 2, 1
90000, 52, 14, 3, 2, 1
90000, 52, 10, 3, 1
90000, 52, 12, 7, 3, 2, 1
90000, 52, 11, 1
90000, 52, 14, 3, 1
90000, 52, 13, 5, 1
90000, 52, 13, 3, 1
90000, 52, 14, 7, 4, 3, 2, 1
90000, 52, 12, 4, 2, 1
90000, 52, 10, 3, 1
90000, 52, 11, 3, 2, 1
90000, 52, 11, 3, 1
90000, 52, 11, 4, 3, 1
90000, 52, 13, 5, 2, 2, 1
90000, 52, 12, 4, 2, 2, 1
90000, 52, 13, 4, 1
90000, 52, 12, 2, 2, 1
90000, 52, 12, 3, 1
90000, 52, 13, 2, 2, 1
90000, 52, 12, 1
90000, 52, 12, 3, 2, 1
90000, 52, 12, 4, 2, 1
90000, 52, 13, 4, 3, 1
90000, 52, 12, 3, 2, 1
90000, 52, 12, 5, 3, 2, 1
90000, 52, 13, 4, 2, 1
90000, 52, 12, 5, 2, 1
90000, 52, 14, 6, 3, 1
90000, 52, 14, 2, 1
90000, 52, 13, 2, 2, 1
90000, 52, 13, 3, 1
90000, 52, 13, 5, 2, 1
90000, 52, 11, 4, 2, 1
90000, 52, 13, 7, 3, 1
90000, 52, 12, 3, 1
90000, 52, 11, 5, 2, 2, 1
90000, 52, 10, 4, 1
90000, 52, 11, 4, 2, 1
90000, 52, 12, 2, 1
90000, 52, 13, 4, 1
90000, 52, 13, 3, 1
90000, 52, 13, 4, 1
90000, 52, 13, 4, 2, 1
90000, 52, 14, 3, 3, 2, 1
90000, 52, 13, 2, 2, 2, 2, 2, 1
90000, 52, 13, 4, 2, 1
90000, 52, 13, 3, 1
90000, 52, 12, 4, 2, 1
90000, 52, 13, 4, 3, 2, 1
90000, 52, 13, 2, 2, 1
90000, 52, 12, 2, 1
90000, 52, 9, 3, 2, 1
90000, 52, 14, 5, 2, 1
90000, 52, 13, 6, 3, 2, 1
90000, 52, 13, 4, 2, 1
90000, 52, 10, 5, 2, 1
