35000, 1215, 291, 71, 23, 6, 2, 1
35000, 1215, 283, 69, 19, 7, 3, 1
35000, 1215, 289, 68, 17, 7, 4, 1
35000, 1215, 281, 79, 27, 6, 3, 2, 1
35000, 1215, 296, 78, 25, 8, 3, 2, 1
35000, 1215, 301, 65, 20, 6, 4, 1
35000, 1215, 305, 67, 23, 8, 5, 1
35000, 1215, 295, 70, 19, 6, 2, 2, 2, 1
35000, 1215, 296, 72, 24, 6, 1
35000, 1215, 299, 74, 26, 7, 1
35000, 1215, 275, 68, 18, 4, 2, 1
35000, 1215, 304, 75, 27, 11, 6, 3, 2, 1
35000, 1215, 299, 69, 24, 7, 3, 2, 2, 1
35000, 1215, 298, 77, 28, 10, 2, 1
35000, 1215, 287, 77, 16, 8, 4, 3, 1
35000, 1215, 289, 76, 17, 9, 4, 3, 1
35000, 1215, 286, 66, 27, 10, 5, 5, 4, 3, 2, 1
35000, 1215, 298, 78, 18, 5, 1
35000, 1215, 299, 82, 19, 6, 2, 1
35000, 1215, 292, 73, 19, 5, 3, 2, 2, 1
35000, 1215, 296, 72, 19, 7, 3, 2, 1
35000, 1215, 298, 71, 22, 9, 3, 2, 1
35000, 1215, 304, 82, 20, 7, 4, 2, 1
35000, 1215, 301, 79, 31, 10, 5, 2, 1
35000, 1215, 301, 78, 32, 11, 4, 1
35000, 1215, 298, 70, 20, 7, 6, 2, 1
35000, 1215, 288, 74, 20, 7, 2, 1
35000, 1215, 286, 71, 18, 6, 2, 1
35000, 1215, 298, 85, 26, 10, 5, 2, 2, 2, 2, 2, 1
35000, 1215, 292, 74, 19, 4, 1
35000, 1215, 295, 73, 19, 4, 1
35000, 1215, 298, 75, 23, 6, 3, 1
35000, 1215, 290, 78, 24, 7, 2, 1
35000, 1215, 291, 77, 25, 7, 2, 1
35000, 1215, 303, 73, 20, 6, 3, 1
35000, 1215, 299, 83, 26, 8, 4, 2, 2, 2, 1
35000, 1215, 296, 81, 25, 6, 4, 2, 2, 2, 1
35000, 1215, 290, 76, 21, 7, 2, 1
35000, 1215, 296, 76, 17, 8, 5, 3, 2, 1
35000, 1215, 299, 81, 21, 7, 5, 2, 1
35000, 1215, 300, 76, 25, 9, 4, 3, 1
35000, 1215, 299, 81, 19, 5, 2, 1
35000, 1215, 303, 81, 23, 7, 4, 1
35000, 1215, 291, 73, 17, 6, 2, 1
35000, 1215, 286, 52, 15, 3, 2, 1
35000, 1215, 292, 82, 25, 11, 3, 1
35000, 1215, 296, 81, 24, 11, 2, 1
35000, 1215, 305, 80, 29, 9, 2, 1
35000, 1215, 297, 68, 17, 6, 2, 2, 2, 2, 1
35000, 1215, 296, 67, 16, 6, 3, 2, 2, 2, 1
35000, 1215, 300, 71, 22, 7, 2, 2, 2, 1
35000, 1215, 292, 78, 33, 11, 2, 1
35000, 1215, 297, 84, 26, 8, 4, 1
35000, 1215, 295, 84, 24, 6, 3, 1
35000, 1215, 308, 75, 17, 9, 2, 1
35000, 1215, 291, 72, 27, 10, 7, 2, 2, 1
35000, 1215, 298, 77, 18, 10, 3, 3, 1
35000, 1215, 297, 76, 19, 11, 4, 3, 1
35000, 1215, 294, 78, 20, 5, 4, 1
35000, 1215, 290, 78, 24, 9, 2, 1
35000, 1215, 286, 72, 22, 6, 1
35000, 1215, 296, 76, 23, 10, 4, 2, 1
35000, 1215, 277, 66, 16, 6, 2, 2, 1
35000, 1215, 278, 70, 18, 9, 4, 4, 3, 3, 1
35000, 1215, 295, 65, 16, 5, 2, 2, 1
35000, 1215, 296, 78, 27, 6, 4, 1
35000, 1215, 300, 83, 28, 7, 5, 2, 1
35000, 1215, 310, 85, 30, 11, 3, 1
35000, 1215, 304, 82, 29, 11, 5, 1
35000, 1215, 303, 83, 30, 11, 5, 1
35000, 1215, 298, 74, 18, 9, 2, 1
35000, 1215, 282, 71, 23, 9, 3, 1
35000, 1215, 283, 69, 22, 9, 4, 2, 2, 2, 1
35000, 1215, 296, 70, 21, 6, 4, 1
35000, 1215, 294, 68, 27, 8, 2, 1
35000, 1215, 295, 68, 25, 5, 1
35000, 1215, 298, 88, 32, 10, 4, 2, 2, 1
35000, 1215, 296, 79, 23, 6, 4, 2, 2, 1
35000, 1215, 297, 74, 23, 6, 4, 2, 2, 1
35000, 1215, 303, 85, 25, 9, 3, 2, 2, 1
35000, 1215, 286, 66, 19, 8, 2, 1
35000, 1215, 290, 67, 19, 8, 2, 1
35000, 1215, 297, 81, 21, 9, 1
35000, 1215, 295, 79, 21, 7, 3, 3, 2, 2, 2, 1
35000, 1215, 293, 79, 19, 7, 4, 3, 2, 2, 1
35000, 1215, 299, 80, 25, 5, 1
35000, 1215, 293, 62, 17, 5, 3, 1
35000, 1215, 298, 63, 18, 4, 3, 1
35000, 1215, 294, 72, 28, 8, 4, 3, 1
35000, 1215, 290, 81, 23, 9, 3, 1
35000, 1215, 288, 76, 21, 8, 3, 1
35000, 1215, 294, 93, 29, 8, 3, 1
35000, 1215, 286, 68, 19, 7, 4, 3, 2, 1
35000, 1215, 293, 71, 22, 9, 5, 3, 2, 1
35000, 1215, 291, 72, 18, 7, 1
35000, 1215, 291, 86, 19, 4, 1
35000, 1215, 297, 85, 18, 4, 1
35000, 1215, 292, 77, 25, 10, 3, 2, 1
35000, 1215, 285, 69, 21, 7, 3, 2, 1
35000, 1215, 286, 69, 21, 8, 3, 2, 1
