45000, 1562, 375, 89, 20, 7, 3, 2, 1
45000, 1562, 380, 84, 25, 8, 2, 1
45000, 1562, 371, 95, 27, 10, 4, 2, 1
45000, 1562, 372, 93, 24, 11, 6, 5, 1
45000, 1562, 378, 95, 39, 14, 7, 3, 1
45000, 1562, 378, 92, 28, 7, 4, 3, 2, 2, 2, 2, 2, 1
45000, 1562, 369, 92, 31, 7, 4, 1
45000, 1562, 371, 94, 30, 6, 2, 1
45000, 1562, 363, 92, 24, 6, 1
45000, 1562, 382, 98, 30, 13, 3, 2, 1
45000, 1562, 369, 90, 27, 5, 2, 1
45000, 1562, 365, 89, 29, 6, 3, 2, 2, 2, 2, 1
45000, 1562, 386, 86, 15, 6, 3, 2, 1
45000, 1562, 370, 100, 37, 15, 3, 2, 1
45000, 1562, 387, 85, 24, 10, 4, 3, 1
45000, 1562, 379, 114, 35, 16, 5, 2, 1
45000, 1562, 372, 92, 27, 11, 5, 2, 2, 2, 1
45000, 1562, 371, 92, 23, 7, 3, 2, 2, 1
45000, 1562, 381, 88, 30, 11, 3, 3, 2, 2, 1
45000, 1562, 377, 90, 29, 11, 3, 3, 1
45000, 1562, 379, 92, 22, 8, 3, 2, 2, 2, 1
45000, 1562, 380, 102, 32, 8, 2, 1
45000, 1562, 385, 102, 32, 12, 4, 2, 1
45000, 1562, 391, 102, 31, 9, 4, 2, 1
45000, 1562, 374, 92, 22, 5, 3, 3, 2, 1
45000, 1562, 378, 102, 25, 7, 3, 2, 1
45000, 1562, 383, 108, 27, 10, 2, 2, 2, 2, 1
45000, 1562, 374, 94, 23, 8, 4, 1
45000, 1562, 364, 108, 27, 11, 4, 1
45000, 1562, 369, 105, 28, 10, 4, 2, 2, 1
45000, 1562, 379, 98, 25, 9, 4, 3, 1
45000, 1562, 369, 96, 31, 6, 1
45000, 1562, 378, 92, 31, 13, 5, 2, 1
45000, 1562, 382, 93, 31, 12, 5, 2, 1
45000, 1562, 377, 106, 32, 17, 6, 2, 1
45000, 1562, 386, 89, 30, 10, 2, 1
45000, 1562, 374, 93, 26, 11, 2, 1
45000, 1562, 379, 98, 34, 15, 3, 1
45000, 1562, 386, 101, 28, 17, 6, 3, 1
45000, 1562, 388, 97, 28, 10, 3, 3, 1
45000, 1562, 369, 86, 27, 11, 4, 1
45000, 1562, 371, 107, 31, 6, 4, 2, 2, 1
45000, 1562, 380, 106, 31, 9, 6, 4, 2, 2, 1
45000, 1562, 381, 83, 23, 9, 2, 1
45000, 1562, 371, 92, 29, 10, 4, 3, 2, 2, 1
45000, 1562, 380, 92, 22, 9, 4, 2, 2, 1
45000, 1562, 394, 96, 30, 11, 7, 3, 1
45000, 1562, 370, 96, 27, 7, 3, 1
45000, 1562, 371, 99, 29, 8, 3, 1
45000, 1562, 362, 94, 29, 13, 7, 1
45000, 1562, 363, 95, 26, 6, 2, 2, 1
45000, 1562, 375, 86, 29, 7, 2, 1
45000, 1562, 383, 98, 30, 9, 5, 1
45000, 1562, 373, 97, 31, 15, 8, 2, 2, 1
45000, 1562, 383, 106, 30, 5, 2, 1
45000, 1562, 382, 95, 21, 6, 2, 1
45000, 1562, 390, 91, 28, 9, 3, 3, 2, 1
45000, 1562, 387, 89, 27, 8, 3, 2, 1
45000, 1562, 366, 93, 28, 11, 6, 3, 3, 2, 1
45000, 1562, 389, 98, 36, 7, 3, 2, 2, 2, 2, 1
45000, 1562, 382, 95, 30, 10, 6, 1
45000, 1562, 377, 87, 27, 9, 3, 1
45000, 1562, 375, 92, 33, 12, 5, 3, 1
45000, 1562, 364, 82, 30, 8, 3, 2, 2, 1
45000, 1562, 371, 103, 24, 9, 2, 2, 1
45000, 1562, 366, 87, 32, 15, 6, 2, 2, 1
45000, 1562, 375, 84, 21, 5, 2, 1
45000, 1562, 377, 98, 28, 10, 7, 1
45000, 1562, 392, 104, 31, 16, 6, 3, 3, 2, 1
45000, 1562, 369, 95, 23, 10, 3, 2, 2, 1
45000, 1562, 381, 90, 30, 15, 5, 2, 2, 2, 1
45000, 1562, 379, 101, 30, 14, 7, 6, 2, 1
45000, 1562, 380, 95, 28, 6, 6, 4, 3, 1
45000, 1562, 387, 99, 28, 11, 3, 1
45000, 1562, 388, 100, 30, 14, 6, 2, 1
45000, 1562, 366, 83, 29, 12, 3, 2, 2, 1
45000, 1562, 382, 100, 37, 14, 7, 2, 1
45000, 1562, 378, 94, 29, 14, 5, 1
45000, 1562, 386, 97, 30, 13, 6, 1
45000, 1562, 377, 95, 28, 9, 4, 1
45000, 1562, 370, 75, 32, 12, 5, 3, 3, 2, 1
45000, 1562, 388, 100, 34, 12, 3, 2, 1
45000, 1562, 373, 94, 31, 11, 3, 3, 1
45000, 1562, 393, 99, 22, 5, 2, 1
45000, 1562, 372, 94, 27, 9, 2, 1
45000, 1562, 385, 89, 23, 11, 4, 1
45000, 1562, 380, 88, 23, 9, 3, 2, 2, 2, 2, 1
45000, 1562, 388, 95, 19, 6, 3, 2, 1
45000, 1562, 361, 98, 32, 8, 3, 2, 2, 2, 1
45000, 1562, 367, 94, 23, 5, 3, 1
45000, 1562, 385, 101, 33, 11, 6, 1
45000, 1562, 386, 99, 26, 6, 3, 2, 2, 2, 2, 2, 2, 1
45000, 1562, 380, 104, 32, 8, 3, 1
45000, 1562, 365, 80, 29, 10, 3, 2, 1
45000, 1562, 374, 95, 29, 6, 2, 2, 2, 2, 2, 1
45000, 1562, 377, 80, 27, 8, 4, 3, 2, 1
45000, 1562, 374, 93, 22, 8, 5, 2, 1
45000, 1562, 377, 89, 27, 13, 7, 1
45000, 1562, 382, 88, 25, 12, 2, 1
45000, 1562, 378, 97, 19, 8, 2, 1
