45000, 26, 8, 2, 2, 1
45000, 26, 8, 2, 1
45000, 26, 7, 2, 1
45000, 26, 7, 2, 2, 1
45000, 26, 8, 2, 1
45000, 26, 7, 1
45000, 26, 6, 2, 1
45000, 26, 6, 3, 1
45000, 26, 8, 2, 1
45000, 26, 8, 3, 1
45000, 26, 8, 2, 1
45000, 26, 8, 3, 2, 1
45000, 26, 6, 1
45000, 26, 6, 4, 2, 1
45000, 26, 7, 2, 1
45000, 26, 7, 3, 3, 2, 2, 1
45000, 26, 7, 3, 2, 1
45000, 26, 7, 3, 2, 2, 2, 1
45000, 26, 6, 2, 1
45000, 26, 6, 2, 1
45000, 26, 8, 3, 2, 1
45000, 26, 8, 2, 1
45000, 26, 6, 3, 1
45000, 26, 7, 1
45000, 26, 6, 2, 1
45000, 26, 8, 2, 1
45000, 26, 7, 3, 2, 1
45000, 26, 8, 4, 2, 1
45000, 26, 6, 1
45000, 26, 6, 2, 1
45000, 26, 8, 4, 3, 2, 2, 1
45000, 26, 8, 2, 1
