50000, 28, 6, 4, 2, 1
50000, 28, 7, 3, 1
50000, 28, 7, 1
50000, 28, 8, 2, 1
50000, 28, 8, 3, 1
50000, 28, 8, 2, 1
50000, 28, 6, 2, 2, 2, 1
50000, 28, 8, 3, 1
50000, 28, 6, 3, 2, 1
50000, 28, 8, 2, 2, 1
50000, 28, 7, 3, 2, 1
50000, 28, 7, 2, 1
50000, 28, 7, 1
50000, 28, 8, 2, 1
50000, 28, 7, 1
50000, 28, 6, 1
50000, 28, 7, 3, 1
50000, 28, 7, 3, 1
50000, 28, 8, 4, 3, 3, 1
50000, 28, 8, 3, 1
50000, 28, 7, 3, 1
50000, 28, 8, 4, 1
50000, 28, 6, 1
50000, 28, 7, 2, 1
50000, 28, 8, 2, 2, 2, 1
50000, 28, 6, 2, 1
50000, 28, 6, 2, 1
50000, 28, 8, 3, 3, 1
50000, 28, 7, 2, 1
50000, 28, 6, 2, 1
50000, 28, 6, 2, 1
50000, 28, 7, 2, 1
50000, 28, 7, 2, 1
50000, 28, 8, 3, 1
50000, 28, 6, 2, 1
50000, 28, 7, 3, 1
50000, 28, 7, 3, 1
50000, 28, 8, 3, 1
50000, 28, 8, 4, 1
50000, 28, 6, 1
50000, 28, 6, 4, 3, 1
50000, 28, 7, 3, 2, 2, 1
50000, 28, 6, 3, 1
50000, 28, 7, 2, 2, 1
50000, 28, 8, 1
50000, 28, 8, 3, 1
50000, 28, 6, 3, 2, 1
50000, 28, 6, 3, 1
50000, 28, 8, 1
50000, 28, 7, 5, 2, 1
50000, 28, 7, 2, 1
50000, 28, 8, 1
50000, 28, 8, 3, 2, 1
50000, 28, 7, 3, 2, 1
50000, 28, 7, 2, 1
50000, 28, 8, 3, 2, 1
50000, 28, 7, 3, 1
50000, 28, 5, 1
50000, 28, 5, 1
50000, 28, 6, 3, 2, 2, 1
50000, 28, 8, 1
50000, 28, 8, 1
50000, 28, 7, 2, 1
50000, 28, 6, 1
50000, 28, 8, 1
50000, 28, 7, 2, 1
50000, 28, 8, 2, 1
50000, 28, 8, 2, 2, 1
50000, 28, 6, 1
50000, 28, 7, 3, 1
50000, 28, 8, 2, 2, 1
50000, 28, 8, 1
50000, 28, 8, 2, 2, 1
50000, 28, 8, 3, 2, 1
50000, 28, 8, 4, 1
50000, 28, 8, 4, 1
50000, 28, 6, 2, 1
50000, 28, 7, 2, 1
50000, 28, 8, 3, 2, 2, 1
50000, 28, 6, 3, 3, 3, 1
50000, 28, 7, 3, 2, 2, 2, 1
50000, 28, 7, 2, 2, 1
50000, 28, 7, 2, 1
50000, 28, 7, 2, 2, 1
50000, 28, 6, 3, 2, 1
50000, 28, 8, 2, 1
50000, 28, 7, 2, 1
50000, 28, 7, 1
50000, 28, 7, 5, 3, 2, 2, 1
50000, 28, 7, 4, 2, 1
50000, 28, 6, 1
50000, 28, 6, 1
50000, 28, 7, 3, 2, 1
50000, 28, 8, 2, 2, 2, 1
50000, 28, 6, 2, 1
50000, 28, 7, 1
50000, 28, 6, 1
50000, 28, 8, 1
50000, 28, 8, 2, 1
50000, 28, 8, 1
