20000, 11, 3, 1
20000, 11, 3, 1
20000, 11, 3, 1
20000, 11, 4, 1
20000, 11, 4, 1
20000, 11, 4, 1
20000, 11, 4, 1
20000, 11, 4, 1
20000, 11, 3, 3, 2, 2, 1
20000, 11, 3, 3, 2, 2, 1
20000, 11, 3, 3, 2, 2, 1
20000, 11, 4, 2, 1
20000, 11, 4, 2, 1
20000, 11, 4, 2, 1
20000, 11, 4, 2, 2, 2, 1
20000, 11, 4, 2, 2, 2, 1
20000, 11, 4, 2, 2, 2, 1
20000, 11, 3, 3, 2, 1
20000, 11, 3, 3, 2, 1
20000, 11, 4, 1
20000, 11, 4, 1
20000, 11, 4, 1
20000, 11, 4, 2, 1
20000, 11, 4, 2, 1
20000, 11, 4, 2, 1
20000, 11, 4, 1
20000, 11, 4, 1
20000, 11, 4, 1
20000, 11, 4, 2, 2, 2, 2, 2, 1
20000, 11, 4, 2, 2, 2, 2, 2, 1
20000, 11, 4, 2, 2, 2, 2, 2, 1
20000, 11, 4, 2, 2, 2, 2, 2, 1
20000, 11, 3, 3, 2, 1
20000, 11, 3, 3, 2, 1
20000, 11, 3, 3, 2, 1
20000, 11, 4, 2, 1
20000, 11, 4, 2, 1
20000, 11, 4, 2, 1
20000, 11, 2, 2, 2, 2, 1
20000, 11, 2, 2, 2, 2, 1
20000, 11, 2, 2, 2, 2, 1
20000, 11, 3, 1
20000, 11, 3, 1
20000, 11, 3, 1
20000, 11, 3, 1
20000, 11, 3, 1
20000, 11, 4, 1
20000, 11, 4, 1
20000, 11, 4, 1
20000, 11, 4, 1
20000, 11, 4, 1
20000, 11, 4, 1
20000, 11, 3, 1
20000, 11, 3, 1
20000, 11, 3, 2, 1
20000, 11, 3, 2, 1
20000, 11, 3, 2, 1
20000, 11, 2, 1
20000, 11, 2, 1
20000, 11, 2, 1
20000, 11, 4, 2, 1
20000, 11, 4, 2, 1
20000, 11, 4, 2, 1
20000, 11, 4, 2, 2, 2, 1
20000, 11, 4, 2, 2, 2, 1
20000, 11, 4, 2, 2, 2, 1
20000, 11, 4, 2, 2, 2, 1
20000, 11, 4, 1
20000, 11, 4, 1
20000, 11, 4, 1
20000, 11, 4, 1
20000, 11, 4, 1
20000, 11, 4, 1
20000, 11, 4, 2, 1
20000, 11, 4, 2, 1
20000, 11, 4, 2, 1
20000, 11, 3, 2, 1
20000, 11, 3, 2, 1
20000, 11, 3, 2, 1
20000, 11, 4, 1
20000, 11, 4, 1
20000, 11, 4, 1
20000, 11, 3, 1
20000, 11, 3, 1
20000, 11, 3, 1
20000, 11, 3, 1
20000, 11, 3, 1
20000, 11, 3, 1
20000, 11, 4, 2, 1
20000, 11, 4, 2, 1
20000, 11, 4, 3, 3, 2, 1
20000, 11, 4, 3, 3, 2, 1
20000, 11, 4, 3, 3, 2, 1
20000, 11, 4, 3, 2, 1
20000, 11, 4, 3, 2, 1
20000, 11, 4, 3, 2, 1
20000, 11, 4, 1
20000, 11, 4, 1
20000, 11, 4, 1
20000, 11, 4, 1
