55000, 31, 8, 2, 1
55000, 31, 8, 3, 1
55000, 31, 7, 3, 1
55000, 31, 9, 4, 1
55000, 31, 7, 3, 2, 2, 1
55000, 31, 9, 4, 1
55000, 31, 8, 4, 2, 1
55000, 31, 8, 3, 1
55000, 31, 8, 2, 1
55000, 31, 8, 3, 2, 1
55000, 31, 8, 4, 2, 1
55000, 31, 8, 4, 2, 1
55000, 31, 8, 2, 2, 2, 1
55000, 31, 8, 2, 2, 1
55000, 31, 6, 1
55000, 31, 9, 4, 1
55000, 31, 8, 5, 1
55000, 31, 9, 4, 1
55000, 31, 7, 3, 2, 1
55000, 31, 8, 2, 1
55000, 31, 8, 3, 2, 1
55000, 31, 9, 1
55000, 31, 6, 2, 1
55000, 31, 7, 3, 2, 2, 1
55000, 31, 9, 2, 1
55000, 31, 8, 4, 3, 1
55000, 31, 8, 3, 2, 1
55000, 31, 6, 2, 1
55000, 31, 9, 3, 1
55000, 31, 8, 3, 2, 2, 1
55000, 31, 10, 3, 1
55000, 31, 9, 1
55000, 31, 9, 1
55000, 31, 7, 2, 1
55000, 31, 7, 3, 1
55000, 31, 7, 2, 1
55000, 31, 9, 3, 1
55000, 31, 8, 3, 1
55000, 31, 6, 4, 1
55000, 31, 8, 2, 1
55000, 31, 6, 3, 2, 2, 1
55000, 31, 9, 2, 1
55000, 31, 8, 3, 1
55000, 31, 7, 3, 2, 2, 1
55000, 31, 8, 2, 1
55000, 31, 7, 3, 2, 1
55000, 31, 7, 2, 2, 1
55000, 31, 9, 3, 2, 1
55000, 31, 9, 2, 1
55000, 31, 9, 3, 2, 1
55000, 31, 9, 3, 2, 1
55000, 31, 7, 2, 1
55000, 31, 7, 3, 3, 2, 1
55000, 31, 8, 2, 2, 1
55000, 31, 8, 2, 1
55000, 31, 7, 2, 1
55000, 31, 7, 3, 2, 1
55000, 31, 9, 2, 1
55000, 31, 6, 2, 1
55000, 31, 9, 2, 1
55000, 31, 6, 2, 2, 1
55000, 31, 8, 3, 2, 1
55000, 31, 9, 3, 2, 1
55000, 31, 8, 2, 1
55000, 31, 8, 3, 1
55000, 31, 8, 3, 2, 1
55000, 31, 8, 3, 2, 1
55000, 31, 8, 2, 1
55000, 31, 8, 4, 1
55000, 31, 8, 1
55000, 31, 9, 2, 2, 1
55000, 31, 6, 1
55000, 31, 9, 3, 1
55000, 31, 8, 2, 1
55000, 31, 9, 1
55000, 31, 7, 3, 2, 1
55000, 31, 9, 2, 1
55000, 31, 7, 2, 1
55000, 31, 8, 2, 1
55000, 31, 8, 2, 2, 1
55000, 31, 8, 1
55000, 31, 7, 2, 2, 2, 1
55000, 31, 8, 1
55000, 31, 8, 4, 1
55000, 31, 7, 2, 2, 2, 2, 1
55000, 31, 8, 1
55000, 31, 9, 4, 2, 1
55000, 31, 9, 2, 2, 2, 1
55000, 31, 8, 2, 2, 2, 1
55000, 31, 8, 4, 1
55000, 31, 8, 3, 2, 1
55000, 31, 9, 3, 1
55000, 31, 8, 5, 1
55000, 31, 8, 1
55000, 31, 8, 4, 2, 2, 2, 1
55000, 31, 8, 4, 1
55000, 31, 9, 3, 2, 1
55000, 31, 6, 3, 1
55000, 31, 8, 4, 3, 2, 2, 2, 1
55000, 31, 8, 3, 3, 1
