40000, 1388, 334, 88, 29, 6, 4, 3, 2, 1
40000, 1388, 336, 104, 39, 16, 6, 5, 2, 1
40000, 1388, 331, 84, 25, 6, 2, 1
40000, 1388, 336, 79, 36, 7, 2, 2, 1
40000, 1388, 333, 88, 31, 10, 4, 2, 2, 2, 2, 2, 1
40000, 1388, 333, 86, 33, 11, 4, 3, 3, 3, 2, 2, 1
40000, 1388, 337, 80, 28, 8, 3, 1
40000, 1388, 340, 88, 22, 11, 4, 2, 1
40000, 1388, 334, 91, 27, 9, 4, 2, 1
40000, 1388, 333, 74, 22, 5, 2, 1
40000, 1388, 339, 80, 28, 8, 2, 2, 2, 1
40000, 1388, 332, 75, 20, 7, 2, 1
40000, 1388, 326, 90, 33, 13, 4, 3, 2, 1
40000, 1388, 318, 83, 23, 5, 2, 2, 2, 2, 1
40000, 1388, 339, 86, 22, 9, 1
40000, 1388, 339, 86, 22, 9, 2, 2, 2, 1
40000, 1388, 330, 81, 25, 9, 4, 2, 2, 1
40000, 1388, 339, 96, 24, 12, 2, 1
40000, 1388, 347, 94, 30, 10, 6, 3, 2, 1
40000, 1388, 351, 92, 28, 9, 5, 3, 2, 1
40000, 1388, 332, 87, 26, 7, 3, 2, 2, 1
40000, 1388, 338, 84, 22, 5, 2, 1
40000, 1388, 338, 99, 27, 11, 5, 3, 1
40000, 1388, 341, 92, 30, 10, 4, 3, 2, 1
40000, 1388, 337, 87, 28, 8, 3, 2, 1
40000, 1388, 338, 85, 30, 12, 5, 4, 2, 2, 1
40000, 1388, 336, 86, 31, 8, 2, 1
40000, 1388, 324, 77, 18, 7, 1
40000, 1388, 339, 80, 20, 6, 3, 2, 1
40000, 1388, 336, 78, 20, 7, 3, 2, 1
40000, 1388, 341, 91, 23, 10, 2, 1
40000, 1388, 327, 86, 28, 11, 5, 2, 2, 1
40000, 1388, 338, 66, 24, 11, 6, 2, 1
40000, 1388, 333, 81, 24, 10, 3, 1
40000, 1388, 332, 80, 23, 9, 1
40000, 1388, 331, 86, 25, 8, 3, 2, 2, 1
40000, 1388, 332, 90, 26, 6, 2, 2, 1
40000, 1388, 345, 76, 19, 8, 2, 1
40000, 1388, 346, 79, 20, 8, 2, 1
40000, 1388, 332, 99, 25, 7, 2, 1
40000, 1388, 341, 83, 26, 11, 5, 2, 1
40000, 1388, 342, 79, 24, 9, 3, 2, 2, 1
40000, 1388, 325, 84, 19, 4, 3, 1
40000, 1388, 324, 81, 17, 6, 4, 2, 1
40000, 1388, 339, 89, 36, 10, 4, 2, 2, 1
40000, 1388, 329, 81, 26, 7, 3, 2, 1
40000, 1388, 333, 77, 20, 8, 5, 2, 1
40000, 1388, 337, 95, 29, 8, 4, 2, 1
40000, 1388, 343, 93, 29, 10, 5, 2, 1
40000, 1388, 334, 79, 23, 7, 2, 1
40000, 1388, 333, 86, 29, 8, 3, 2, 1
40000, 1388, 323, 85, 23, 5, 2, 1
40000, 1388, 326, 75, 22, 10, 4, 2, 1
40000, 1388, 329, 73, 21, 9, 3, 1
40000, 1388, 333, 101, 33, 7, 2, 1
40000, 1388, 335, 89, 24, 5, 2, 1
40000, 1388, 334, 74, 31, 13, 5, 2, 2, 1
40000, 1388, 347, 86, 30, 13, 5, 2, 2, 1
40000, 1388, 345, 88, 28, 12, 4, 1
40000, 1388, 328, 78, 22, 9, 4, 2, 1
40000, 1388, 336, 83, 30, 12, 4, 1
40000, 1388, 335, 93, 24, 6, 3, 3, 1
40000, 1388, 331, 90, 22, 5, 2, 2, 1
40000, 1388, 326, 87, 31, 10, 6, 1
40000, 1388, 334, 81, 25, 8, 4, 2, 1
40000, 1388, 340, 77, 30, 12, 5, 2, 2, 1
40000, 1388, 340, 98, 36, 8, 4, 2, 2, 2, 1
40000, 1388, 337, 93, 34, 11, 4, 2, 2, 2, 1
40000, 1388, 324, 84, 27, 13, 8, 3, 1
40000, 1388, 322, 75, 22, 8, 1
40000, 1388, 336, 85, 29, 8, 3, 3, 2, 2, 2, 2, 2, 1
40000, 1388, 338, 90, 31, 10, 4, 2, 1
40000, 1388, 345, 88, 18, 7, 2, 1
40000, 1388, 341, 85, 25, 8, 3, 2, 2, 2, 1
40000, 1388, 323, 80, 22, 7, 3, 1
40000, 1388, 327, 85, 25, 10, 3, 2, 1
40000, 1388, 331, 82, 23, 12, 5, 3, 2, 2, 1
40000, 1388, 336, 104, 30, 10, 4, 1
40000, 1388, 337, 88, 21, 4, 2, 1
40000, 1388, 338, 88, 30, 15, 5, 2, 1
40000, 1388, 336, 91, 29, 12, 4, 1
40000, 1388, 324, 77, 24, 5, 3, 1
40000, 1388, 337, 91, 24, 11, 4, 1
40000, 1388, 343, 83, 31, 10, 4, 3, 3, 2, 2, 1
40000, 1388, 319, 79, 22, 9, 2, 1
40000, 1388, 319, 81, 21, 11, 3, 2, 2, 1
40000, 1388, 327, 83, 18, 5, 2, 1
40000, 1388, 330, 78, 24, 9, 4, 1
40000, 1388, 323, 82, 25, 11, 4, 3, 1
40000, 1388, 323, 82, 24, 9, 3, 3, 1
40000, 1388, 315, 65, 15, 5, 2, 1
40000, 1388, 327, 75, 17, 4, 1
40000, 1388, 329, 78, 17, 8, 5, 4, 3, 3, 1
40000, 1388, 334, 75, 26, 7, 6, 1
40000, 1388, 334, 77, 26, 8, 7, 1
40000, 1388, 333, 85, 29, 10, 5, 1
40000, 1388, 347, 82, 32, 9, 2, 1
40000, 1388, 325, 73, 16, 7, 2, 1
40000, 1388, 332, 87, 24, 12, 4, 3, 2, 1
40000, 1388, 335, 88, 21, 9, 3, 2, 1
