10000, 5, 3, 1
10000, 5, 3, 1
10000, 5, 3, 1
10000, 5, 3, 1
10000, 5, 3, 1
10000, 5, 3, 1
10000, 5, 3, 2, 1
10000, 5, 3, 2, 1
10000, 5, 3, 2, 1
10000, 5, 3, 2, 1
10000, 5, 3, 2, 1
10000, 5, 3, 2, 1
10000, 5, 3, 2, 1
10000, 5, 3, 1
10000, 5, 3, 1
10000, 5, 3, 1
10000, 5, 3, 1
10000, 5, 3, 1
10000, 5, 3, 1
10000, 5, 3, 1
10000, 5, 3, 1
10000, 5, 3, 1
10000, 5, 3, 1
10000, 5, 3, 1
10000, 5, 3, 1
10000, 5, 2, 1
10000, 5, 2, 1
10000, 5, 2, 1
10000, 5, 2, 1
10000, 5, 2, 1
10000, 5, 2, 1
10000, 5, 2, 1
10000, 5, 2, 1
10000, 5, 2, 1
10000, 5, 2, 1
10000, 5, 2, 1
10000, 5, 2, 1
10000, 5, 2, 1
10000, 5, 3, 2, 1
10000, 5, 3, 2, 1
10000, 5, 3, 2, 1
10000, 5, 3, 2, 1
10000, 5, 3, 2, 1
10000, 5, 3, 2, 1
10000, 5, 2, 1
10000, 5, 2, 1
10000, 5, 2, 1
10000, 5, 2, 1
10000, 5, 2, 1
10000, 5, 2, 1
10000, 5, 1
10000, 5, 1
10000, 5, 1
10000, 5, 1
10000, 5, 1
10000, 5, 1
10000, 5, 2, 2, 1
10000, 5, 2, 2, 1
10000, 5, 2, 2, 1
10000, 5, 2, 2, 1
10000, 5, 2, 2, 1
10000, 5, 2, 2, 1
10000, 5, 3, 2, 1
10000, 5, 3, 2, 1
10000, 5, 3, 2, 1
10000, 5, 3, 2, 1
10000, 5, 3, 2, 1
10000, 5, 3, 2, 1
10000, 5, 3, 2, 1
10000, 5, 3, 3, 1
10000, 5, 3, 3, 1
10000, 5, 3, 3, 1
10000, 5, 3, 3, 1
10000, 5, 3, 3, 1
10000, 5, 3, 3, 1
10000, 5, 2, 2, 2, 2, 1
10000, 5, 2, 2, 2, 2, 1
10000, 5, 2, 2, 2, 2, 1
10000, 5, 2, 2, 2, 2, 1
10000, 5, 2, 2, 2, 2, 1
10000, 5, 2, 2, 2, 2, 1
10000, 5, 2, 2, 2, 2, 1
10000, 5, 2, 1
10000, 5, 2, 1
10000, 5, 2, 1
10000, 5, 2, 1
10000, 5, 2, 1
10000, 5, 2, 1
10000, 5, 3, 2, 1
10000, 5, 3, 2, 1
10000, 5, 3, 2, 1
10000, 5, 3, 2, 1
10000, 5, 3, 2, 1
10000, 5, 3, 2, 1
10000, 5, 2, 1
10000, 5, 2, 1
10000, 5, 2, 1
10000, 5, 2, 1
10000, 5, 2, 1
10000, 5, 2, 1
