10000, 25, 4, 2, 1
10000, 25, 6, 3, 2, 1
10000, 25, 6, 3, 2, 1
10000, 25, 6, 3, 2, 1
10000, 25, 6, 3, 2, 1
10000, 25, 6, 3, 2, 1
10000, 25, 6, 3, 2, 1
10000, 25, 6, 3, 2, 1
10000, 25, 7, 3, 2, 1
10000, 25, 7, 3, 2, 1
10000, 25, 7, 3, 2, 1
10000, 25, 7, 3, 2, 1
10000, 25, 7, 3, 2, 1
10000, 25, 7, 3, 2, 1
10000, 25, 7, 3, 2, 1
10000, 25, 7, 4, 2, 1
10000, 25, 7, 4, 2, 1
10000, 25, 7, 4, 2, 1
10000, 25, 7, 4, 2, 1
10000, 25, 7, 4, 2, 1
10000, 25, 7, 4, 2, 1
10000, 25, 7, 4, 2, 1
10000, 25, 5, 2, 1
10000, 25, 5, 2, 1
10000, 25, 5, 2, 1
10000, 25, 5, 2, 1
10000, 25, 5, 2, 1
10000, 25, 5, 2, 1
10000, 25, 5, 2, 1
10000, 25, 6, 3, 2, 1
10000, 25, 6, 2, 1
10000, 25, 6, 2, 1
10000, 25, 6, 2, 1
10000, 25, 6, 2, 1
10000, 25, 6, 2, 1
10000, 25, 6, 2, 1
10000, 25, 6, 2, 1
10000, 25, 7, 2, 1
10000, 25, 7, 2, 1
10000, 25, 7, 2, 1
10000, 25, 7, 2, 1
10000, 25, 7, 2, 1
10000, 25, 7, 2, 1
10000, 25, 7, 2, 1
10000, 25, 8, 3, 1
10000, 25, 8, 3, 1
10000, 25, 8, 3, 1
10000, 25, 8, 3, 1
10000, 25, 8, 3, 1
10000, 25, 8, 3, 1
10000, 25, 8, 3, 1
10000, 25, 8, 3, 1
10000, 25, 8, 3, 1
10000, 25, 8, 3, 1
10000, 25, 8, 3, 1
10000, 25, 8, 3, 1
10000, 25, 8, 3, 1
10000, 25, 8, 3, 1
10000, 25, 8, 3, 1
10000, 25, 7, 1
10000, 25, 7, 1
10000, 25, 7, 1
10000, 25, 7, 1
10000, 25, 7, 1
10000, 25, 7, 1
10000, 25, 7, 1
10000, 25, 7, 3, 1
10000, 25, 7, 3, 1
10000, 25, 7, 3, 1
10000, 25, 7, 3, 1
10000, 25, 7, 3, 1
10000, 25, 7, 3, 1
10000, 25, 7, 3, 1
10000, 25, 7, 2, 2, 1
10000, 25, 7, 2, 2, 1
10000, 25, 7, 2, 2, 1
10000, 25, 7, 2, 2, 1
10000, 25, 7, 2, 2, 1
10000, 25, 7, 2, 2, 1
10000, 25, 7, 2, 2, 1
10000, 25, 7, 2, 2, 1
10000, 25, 7, 2, 1
10000, 25, 7, 2, 1
10000, 25, 7, 2, 1
10000, 25, 7, 2, 1
10000, 25, 7, 2, 1
10000, 25, 7, 2, 1
10000, 25, 7, 2, 1
10000, 25, 6, 1
10000, 25, 6, 1
10000, 25, 6, 1
10000, 25, 6, 1
10000, 25, 6, 1
10000, 25, 6, 1
10000, 25, 6, 1
10000, 25, 8, 3, 1
10000, 25, 8, 3, 1
10000, 25, 8, 3, 1
10000, 25, 8, 3, 1
10000, 25, 8, 3, 1
