30000, 17, 6, 3, 2, 1
30000, 17, 5, 2, 1
30000, 17, 5, 2, 1
30000, 17, 5, 1
30000, 17, 5, 2, 2, 2, 1
30000, 17, 5, 2, 2, 2, 1
30000, 17, 6, 2, 1
30000, 17, 6, 2, 1
30000, 17, 6, 2, 2, 1
30000, 17, 6, 2, 2, 1
30000, 17, 5, 3, 1
30000, 17, 5, 2, 1
30000, 17, 5, 2, 1
30000, 17, 5, 4, 4, 1
30000, 17, 5, 4, 4, 1
30000, 17, 4, 2, 1
30000, 17, 4, 2, 1
30000, 17, 5, 2, 1
30000, 17, 6, 2, 2, 1
30000, 17, 6, 2, 2, 1
30000, 17, 6, 1
30000, 17, 6, 1
30000, 17, 5, 2, 1
30000, 17, 5, 2, 1
30000, 17, 4, 2, 1
30000, 17, 6, 4, 4, 1
30000, 17, 6, 4, 4, 1
30000, 17, 5, 2, 1
30000, 17, 5, 2, 1
30000, 17, 6, 3, 2, 2, 1
30000, 17, 6, 3, 2, 2, 1
30000, 17, 4, 2, 1
30000, 17, 6, 2, 2, 1
30000, 17, 6, 2, 2, 1
30000, 17, 4, 2, 1
30000, 17, 4, 2, 1
30000, 17, 5, 3, 1
30000, 17, 5, 3, 1
30000, 17, 4, 1
30000, 17, 6, 3, 2, 2, 1
30000, 17, 6, 3, 2, 2, 1
30000, 17, 5, 2, 1
30000, 17, 5, 2, 1
30000, 17, 5, 4, 2, 2, 2, 1
30000, 17, 5, 4, 2, 2, 2, 1
30000, 17, 5, 1
30000, 17, 6, 3, 1
30000, 17, 6, 3, 1
30000, 17, 6, 2, 2, 2, 2, 1
30000, 17, 6, 2, 2, 2, 2, 1
30000, 17, 4, 2, 1
30000, 17, 4, 2, 1
30000, 17, 5, 3, 1
30000, 17, 4, 2, 2, 2, 1
30000, 17, 4, 2, 2, 2, 1
30000, 17, 6, 3, 2, 2, 2, 1
30000, 17, 6, 3, 2, 2, 2, 1
30000, 17, 4, 2, 2, 1
30000, 17, 4, 2, 2, 1
30000, 17, 6, 2, 1
30000, 17, 6, 1
30000, 17, 6, 1
30000, 17, 6, 4, 1
30000, 17, 6, 4, 1
30000, 17, 4, 2, 2, 2, 2, 1
30000, 17, 4, 2, 2, 2, 2, 1
30000, 17, 5, 2, 1
30000, 17, 5, 2, 1
30000, 17, 5, 2, 2, 2, 1
30000, 17, 6, 3, 1
30000, 17, 6, 3, 1
30000, 17, 6, 2, 1
30000, 17, 6, 2, 1
30000, 17, 4, 2, 1
30000, 17, 4, 2, 1
30000, 17, 6, 2, 1
30000, 17, 6, 2, 1
30000, 17, 6, 2, 1
30000, 17, 5, 3, 1
30000, 17, 5, 3, 1
30000, 17, 4, 1
30000, 17, 4, 1
30000, 17, 4, 1
30000, 17, 4, 2, 1
30000, 17, 4, 2, 1
30000, 17, 4, 1
30000, 17, 4, 1
30000, 17, 6, 2, 2, 1
30000, 17, 6, 2, 2, 1
30000, 17, 5, 1
30000, 17, 3, 1
30000, 17, 3, 1
30000, 17, 5, 2, 1
30000, 17, 5, 2, 1
30000, 17, 5, 2, 1
30000, 17, 5, 2, 1
30000, 17, 5, 3, 3, 1
30000, 17, 5, 3, 2, 1
30000, 17, 5, 3, 2, 1
30000, 17, 3, 1
