40000, 23, 5, 2, 1
40000, 23, 7, 3, 1
40000, 23, 7, 4, 2, 1
40000, 23, 7, 4, 2, 1
40000, 23, 6, 2, 1
40000, 23, 7, 3, 1
40000, 23, 7, 3, 2, 1
40000, 23, 6, 2, 1
40000, 23, 7, 1
40000, 23, 6, 2, 1
40000, 23, 6, 2, 1
40000, 23, 6, 3, 2, 1
40000, 23, 6, 3, 2, 1
40000, 23, 6, 2, 1
40000, 23, 7, 1
40000, 23, 7, 1
40000, 23, 6, 2, 2, 1
40000, 23, 5, 1
40000, 23, 6, 3, 1
40000, 23, 6, 3, 1
40000, 23, 7, 3, 2, 2, 1
40000, 23, 6, 2, 1
40000, 23, 6, 2, 1
40000, 23, 5, 1
40000, 23, 6, 2, 2, 1
40000, 23, 7, 2, 1
40000, 23, 7, 2, 1
40000, 23, 7, 2, 2, 1
40000, 23, 5, 2, 1
40000, 23, 6, 2, 2, 2, 2, 1
40000, 23, 6, 2, 2, 2, 2, 1
40000, 23, 6, 2, 1
40000, 23, 6, 3, 1
40000, 23, 5, 1
40000, 23, 5, 2, 1
40000, 23, 5, 2, 1
40000, 23, 6, 1
40000, 23, 7, 2, 1
40000, 23, 5, 1
40000, 23, 5, 1
40000, 23, 5, 1
40000, 23, 6, 2, 1
40000, 23, 7, 3, 1
40000, 23, 7, 2, 1
40000, 23, 6, 1
40000, 23, 6, 4, 1
40000, 23, 6, 3, 1
40000, 23, 6, 2, 2, 2, 1
40000, 23, 6, 1
40000, 23, 7, 1
40000, 23, 7, 3, 1
40000, 23, 5, 2, 1
40000, 23, 5, 4, 2, 1
40000, 23, 5, 2, 1
40000, 23, 7, 2, 1
40000, 23, 7, 3, 1
40000, 23, 6, 2, 1
40000, 23, 5, 3, 1
40000, 23, 5, 3, 1
40000, 23, 7, 2, 1
40000, 23, 6, 3, 1
40000, 23, 6, 3, 1
40000, 23, 6, 2, 1
40000, 23, 4, 1
40000, 23, 5, 1
40000, 23, 6, 1
40000, 23, 7, 2, 1
40000, 23, 6, 3, 1
40000, 23, 6, 3, 1
40000, 23, 7, 3, 1
40000, 23, 7, 2, 1
40000, 23, 7, 3, 2, 1
40000, 23, 6, 1
40000, 23, 7, 2, 1
40000, 23, 6, 1
40000, 23, 6, 1
40000, 23, 5, 1
40000, 23, 6, 1
40000, 23, 7, 2, 1
40000, 23, 7, 2, 1
40000, 23, 6, 1
40000, 23, 7, 2, 1
40000, 23, 6, 2, 1
40000, 23, 6, 1
40000, 23, 6, 2, 1
40000, 23, 7, 1
40000, 23, 7, 1
40000, 23, 7, 3, 1
40000, 23, 7, 2, 1
40000, 23, 6, 4, 2, 1
40000, 23, 7, 3, 1
40000, 23, 7, 3, 1
40000, 23, 7, 2, 2, 2, 1
40000, 23, 6, 3, 1
40000, 23, 7, 2, 1
40000, 23, 7, 2, 1
40000, 23, 7, 2, 2, 1
40000, 23, 7, 2, 2, 1
40000, 23, 4, 1
40000, 23, 4, 1
