50000, 1736, 428, 111, 32, 14, 6, 2, 2, 2, 1
50000, 1736, 411, 110, 36, 16, 10, 4, 1
50000, 1736, 416, 103, 23, 10, 8, 5, 2, 2, 1
50000, 1736, 410, 103, 30, 14, 3, 1
50000, 1736, 411, 105, 30, 5, 3, 2, 1
50000, 1736, 410, 105, 30, 10, 3, 2, 1
50000, 1736, 419, 105, 35, 9, 5, 2, 1
50000, 1736, 409, 112, 35, 9, 3, 2, 1
50000, 1736, 426, 99, 32, 9, 4, 3, 2, 2, 2, 1
50000, 1736, 425, 115, 39, 13, 5, 4, 1
50000, 1736, 426, 108, 31, 14, 6, 1
50000, 1736, 410, 81, 17, 4, 1
50000, 1736, 417, 112, 33, 15, 5, 3, 2, 1
50000, 1736, 437, 108, 32, 11, 3, 1
50000, 1736, 399, 98, 22, 4, 3, 2, 2, 1
50000, 1736, 423, 95, 27, 9, 2, 1
50000, 1736, 423, 100, 27, 7, 2, 1
50000, 1736, 424, 112, 36, 13, 6, 2, 1
50000, 1736, 419, 104, 34, 11, 3, 2, 1
50000, 1736, 415, 110, 35, 14, 5, 2, 1
50000, 1736, 421, 104, 34, 9, 2, 1
50000, 1736, 424, 100, 27, 9, 2, 1
50000, 1736, 437, 102, 25, 6, 2, 1
50000, 1736, 418, 106, 22, 9, 2, 1
50000, 1736, 421, 102, 28, 7, 2, 1
50000, 1736, 416, 98, 29, 4, 2, 1
50000, 1736, 411, 104, 32, 9, 4, 2, 2, 1
50000, 1736, 416, 113, 24, 6, 4, 3, 2, 1
50000, 1736, 418, 96, 17, 4, 2, 2, 1
50000, 1736, 413, 104, 31, 7, 3, 3, 1
