35000, 20, 4, 1
35000, 20, 5, 2, 2, 2, 1
35000, 20, 5, 2, 1
35000, 20, 5, 2, 1
35000, 20, 6, 1
35000, 20, 5, 2, 2, 1
35000, 20, 5, 2, 2, 1
35000, 20, 5, 3, 3, 2, 1
35000, 20, 5, 3, 2, 2, 1
35000, 20, 5, 3, 2, 2, 1
35000, 20, 6, 2, 1
35000, 20, 5, 2, 2, 1
35000, 20, 5, 2, 2, 1
35000, 20, 6, 2, 2, 2, 1
35000, 20, 6, 1
35000, 20, 5, 1
35000, 20, 5, 1
35000, 20, 5, 1
35000, 20, 6, 4, 2, 2, 2, 2, 1
35000, 20, 6, 3, 2, 1
35000, 20, 5, 1
35000, 20, 5, 1
35000, 20, 5, 1
35000, 20, 4, 1
35000, 20, 4, 1
35000, 20, 6, 1
35000, 20, 6, 2, 1
35000, 20, 6, 2, 1
35000, 20, 5, 2, 1
35000, 20, 5, 2, 1
35000, 20, 5, 2, 1
35000, 20, 5, 4, 2, 2, 2, 1
35000, 20, 4, 2, 2, 1
35000, 20, 4, 2, 2, 1
35000, 20, 5, 1
35000, 20, 5, 1
35000, 20, 4, 1
35000, 20, 4, 2, 1
35000, 20, 6, 1
35000, 20, 5, 1
35000, 20, 6, 2, 2, 2, 1
35000, 20, 6, 2, 2, 2, 1
35000, 20, 6, 1
35000, 20, 5, 4, 1
35000, 20, 5, 4, 1
35000, 20, 4, 2, 2, 1
35000, 20, 6, 3, 1
35000, 20, 5, 1
35000, 20, 5, 1
35000, 20, 5, 2, 1
35000, 20, 5, 2, 2, 2, 1
35000, 20, 5, 2, 2, 2, 1
35000, 20, 5, 2, 1
35000, 20, 4, 2, 2, 1
35000, 20, 4, 2, 2, 1
35000, 20, 5, 2, 1
35000, 20, 5, 2, 1
35000, 20, 4, 2, 1
35000, 20, 6, 2, 1
35000, 20, 6, 1
35000, 20, 5, 3, 2, 1
35000, 20, 5, 3, 2, 1
35000, 20, 6, 3, 2, 2, 1
35000, 20, 5, 2, 1
35000, 20, 5, 2, 1
35000, 20, 6, 3, 1
35000, 20, 6, 3, 1
35000, 20, 6, 2, 1
35000, 20, 5, 2, 2, 1
35000, 20, 5, 2, 2, 1
35000, 20, 6, 2, 1
35000, 20, 5, 2, 1
35000, 20, 5, 2, 2, 2, 1
35000, 20, 5, 2, 2, 2, 1
35000, 20, 5, 1
35000, 20, 5, 2, 1
35000, 20, 5, 2, 1
35000, 20, 5, 2, 1
35000, 20, 6, 3, 1
35000, 20, 6, 3, 1
35000, 20, 6, 3, 2, 1
35000, 20, 6, 2, 1
35000, 20, 5, 2, 2, 1
35000, 20, 5, 2, 2, 1
35000, 20, 6, 2, 1
35000, 20, 4, 2, 2, 2, 1
35000, 20, 4, 2, 2, 2, 1
35000, 20, 5, 1
35000, 20, 6, 1
35000, 20, 3, 1
35000, 20, 6, 2, 1
35000, 20, 6, 2, 1
35000, 20, 6, 4, 2, 1
35000, 20, 5, 2, 1
35000, 20, 6, 2, 1
35000, 20, 6, 2, 1
35000, 20, 5, 1
35000, 20, 6, 3, 1
35000, 20, 6, 3, 1
35000, 20, 6, 3, 2, 1
