25000, 14, 5, 3, 1
25000, 14, 5, 1
25000, 14, 5, 1
25000, 14, 3, 1
25000, 14, 3, 1
25000, 14, 5, 2, 2, 2, 1
25000, 14, 5, 2, 2, 2, 1
25000, 14, 5, 2, 1
25000, 14, 5, 2, 1
25000, 14, 5, 3, 1
25000, 14, 5, 3, 1
25000, 14, 4, 1
25000, 14, 4, 1
25000, 14, 3, 2, 1
25000, 14, 4, 1
25000, 14, 4, 1
25000, 14, 4, 1
25000, 14, 4, 1
25000, 14, 5, 2, 2, 1
25000, 14, 5, 2, 2, 1
25000, 14, 5, 2, 2, 1
25000, 14, 5, 2, 2, 1
25000, 14, 5, 1
25000, 14, 5, 1
25000, 14, 5, 2, 1
25000, 14, 5, 2, 1
25000, 14, 4, 3, 2, 1
25000, 14, 4, 3, 2, 1
25000, 14, 5, 1
25000, 14, 5, 1
25000, 14, 4, 1
25000, 14, 4, 1
25000, 14, 5, 1
25000, 14, 5, 1
25000, 14, 4, 1
25000, 14, 4, 1
25000, 14, 4, 1
25000, 14, 5, 1
25000, 14, 5, 1
25000, 14, 5, 1
25000, 14, 5, 1
25000, 14, 5, 3, 1
25000, 14, 5, 3, 1
25000, 14, 4, 2, 1
25000, 14, 4, 2, 1
25000, 14, 4, 2, 2, 1
25000, 14, 4, 2, 2, 1
25000, 14, 5, 3, 3, 1
25000, 14, 5, 3, 3, 1
25000, 14, 5, 2, 1
25000, 14, 5, 2, 1
25000, 14, 4, 2, 2, 1
25000, 14, 4, 2, 2, 1
25000, 14, 4, 2, 2, 1
25000, 14, 4, 2, 2, 1
25000, 14, 5, 2, 2, 1
25000, 14, 5, 2, 2, 1
25000, 14, 5, 2, 1
25000, 14, 5, 2, 1
25000, 14, 5, 3, 2, 2, 1
25000, 14, 5, 3, 2, 2, 1
25000, 14, 5, 1
25000, 14, 5, 1
25000, 14, 4, 1
25000, 14, 4, 1
25000, 14, 4, 1
25000, 14, 5, 2, 1
25000, 14, 5, 2, 1
25000, 14, 4, 1
25000, 14, 4, 1
25000, 14, 5, 2, 2, 2, 1
25000, 14, 5, 2, 2, 2, 1
25000, 14, 5, 2, 1
25000, 14, 5, 2, 1
25000, 14, 5, 2, 1
25000, 14, 4, 2, 2, 1
25000, 14, 4, 2, 2, 1
25000, 14, 5, 1
25000, 14, 5, 1
25000, 14, 4, 2, 2, 1
25000, 14, 4, 2, 2, 1
25000, 14, 4, 2, 2, 1
25000, 14, 4, 1
25000, 14, 4, 1
25000, 14, 4, 1
25000, 14, 4, 1
25000, 14, 5, 1
25000, 14, 5, 1
25000, 14, 5, 1
25000, 14, 5, 1
25000, 14, 5, 1
25000, 14, 4, 1
25000, 14, 4, 1
25000, 14, 4, 3, 2, 2, 1
25000, 14, 4, 3, 2, 2, 1
25000, 14, 4, 3, 2, 2, 1
25000, 14, 4, 2, 1
25000, 14, 4, 2, 1
25000, 14, 4, 2, 2, 2, 2, 2, 1
25000, 14, 4, 2, 2, 2, 2, 2, 1
