85000, 49, 13, 6, 3, 1
85000, 49, 12, 3, 1
85000, 49, 11, 3, 2, 2, 2, 2, 2, 1
85000, 49, 12, 4, 2, 1
85000, 49, 12, 3, 2, 1
85000, 49, 10, 3, 2, 1
85000, 49, 12, 2, 1
85000, 49, 13, 5, 3, 1
85000, 49, 12, 4, 1
85000, 49, 11, 3, 1
85000, 49, 12, 2, 2, 1
85000, 49, 12, 4, 2, 2, 1
85000, 49, 12, 3, 1
85000, 49, 12, 5, 3, 2, 1
85000, 49, 13, 5, 1
85000, 49, 12, 5, 1
85000, 49, 13, 5, 2, 1
85000, 49, 12, 2, 2, 1
85000, 49, 11, 3, 1
85000, 49, 12, 4, 2, 1
85000, 49, 12, 3, 2, 2, 1
85000, 49, 13, 6, 2, 2, 1
85000, 49, 14, 4, 3, 2, 1
85000, 49, 13, 3, 1
85000, 49, 12, 4, 2, 1
85000, 49, 13, 3, 2, 1
85000, 49, 13, 4, 1
85000, 49, 11, 2, 1
85000, 49, 13, 1
85000, 49, 13, 3, 2, 1
85000, 49, 12, 4, 3, 2, 2, 1
85000, 49, 13, 4, 3, 2, 1
85000, 49, 13, 6, 2, 1
85000, 49, 14, 4, 1
85000, 49, 11, 1
85000, 49, 12, 4, 3, 1
85000, 49, 12, 5, 2, 1
85000, 49, 9, 3, 1
85000, 49, 13, 4, 2, 1
85000, 49, 14, 6, 3, 2, 1
85000, 49, 14, 3, 1
85000, 49, 12, 4, 1
85000, 49, 10, 3, 2, 2, 1
85000, 49, 13, 2, 1
85000, 49, 14, 4, 1
85000, 49, 14, 3, 3, 2, 2, 1
85000, 49, 13, 4, 1
85000, 49, 12, 1
85000, 49, 14, 2, 1
85000, 49, 12, 4, 1
85000, 49, 12, 3, 3, 1
85000, 49, 13, 3, 2, 2, 1
85000, 49, 12, 3, 1
85000, 49, 12, 3, 2, 2, 1
85000, 49, 13, 6, 2, 2, 1
85000, 49, 12, 5, 1
85000, 49, 11, 4, 3, 2, 2, 1
85000, 49, 12, 4, 3, 1
85000, 49, 12, 5, 3, 3, 1
85000, 49, 13, 3, 1
85000, 49, 9, 3, 1
85000, 49, 12, 5, 5, 4, 1
85000, 49, 12, 3, 1
85000, 49, 14, 4, 1
85000, 49, 13, 3, 1
85000, 49, 14, 3, 1
85000, 49, 12, 2, 1
85000, 49, 11, 4, 3, 1
85000, 49, 14, 2, 2, 1
85000, 49, 12, 4, 1
85000, 49, 13, 4, 1
85000, 49, 13, 4, 3, 1
85000, 49, 12, 6, 3, 2, 1
85000, 49, 13, 4, 3, 1
85000, 49, 12, 3, 1
85000, 49, 12, 4, 1
85000, 49, 13, 4, 3, 2, 1
85000, 49, 12, 2, 1
85000, 49, 10, 1
85000, 49, 13, 3, 3, 3, 3, 3, 2, 1
85000, 49, 10, 5, 3, 2, 1
85000, 49, 11, 3, 2, 1
85000, 49, 12, 3, 3, 1
85000, 49, 12, 3, 1
85000, 49, 12, 2, 1
85000, 49, 12, 4, 2, 1
85000, 49, 13, 5, 1
85000, 49, 13, 3, 1
85000, 49, 12, 3, 2, 1
85000, 49, 13, 5, 1
85000, 49, 11, 2, 1
85000, 49, 12, 4, 2, 2, 1
85000, 49, 14, 4, 2, 1
85000, 49, 12, 5, 1
85000, 49, 14, 4, 1
85000, 49, 13, 5, 3, 2, 1
85000, 49, 12, 3, 2, 2, 2, 1
85000, 49, 14, 2, 1
85000, 49, 12, 3, 3, 3, 1
85000, 49, 14, 4, 2, 1
