20000, 55, 14, 2, 2, 1
20000, 55, 14, 2, 2, 1
20000, 55, 14, 2, 2, 1
20000, 55, 14, 3, 1
20000, 55, 14, 3, 1
20000, 55, 14, 3, 1
20000, 55, 13, 5, 2, 1
20000, 55, 13, 5, 2, 1
20000, 55, 13, 5, 2, 1
20000, 55, 14, 2, 1
20000, 55, 14, 2, 1
20000, 55, 14, 2, 1
20000, 55, 13, 4, 1
20000, 55, 13, 4, 1
20000, 55, 14, 5, 1
20000, 55, 13, 2, 2, 1
20000, 55, 13, 2, 2, 1
20000, 55, 13, 2, 2, 1
20000, 55, 13, 4, 1
20000, 55, 13, 4, 1
20000, 55, 13, 4, 1
20000, 55, 13, 4, 1
20000, 55, 15, 4, 2, 1
20000, 55, 15, 4, 2, 1
20000, 55, 15, 3, 1
20000, 55, 15, 3, 1
20000, 55, 15, 3, 1
20000, 55, 14, 5, 1
20000, 55, 13, 5, 1
20000, 55, 13, 5, 1
20000, 55, 15, 6, 2, 1
20000, 55, 15, 6, 2, 1
20000, 55, 15, 6, 2, 1
20000, 55, 13, 2, 2, 1
20000, 55, 13, 2, 2, 1
20000, 55, 13, 2, 2, 1
20000, 55, 13, 2, 2, 1
20000, 55, 14, 3, 1
20000, 55, 14, 3, 1
20000, 55, 14, 3, 1
20000, 55, 14, 5, 2, 1
20000, 55, 14, 5, 2, 1
20000, 55, 14, 5, 2, 1
20000, 55, 14, 5, 2, 2, 1
20000, 55, 14, 5, 2, 2, 1
20000, 55, 14, 5, 2, 2, 1
20000, 55, 15, 6, 3, 2, 2, 1
20000, 55, 15, 6, 3, 2, 2, 1
20000, 55, 15, 6, 3, 2, 2, 1
20000, 55, 13, 3, 1
20000, 55, 13, 3, 1
20000, 55, 13, 3, 1
20000, 55, 13, 5, 1
20000, 55, 13, 5, 1
20000, 55, 13, 5, 2, 1
20000, 55, 14, 4, 1
20000, 55, 14, 4, 1
20000, 55, 14, 3, 1
20000, 55, 14, 3, 1
20000, 55, 14, 3, 1
20000, 55, 14, 5, 3, 1
20000, 55, 13, 4, 2, 1
20000, 55, 13, 4, 2, 1
20000, 55, 13, 4, 1
20000, 55, 13, 4, 1
20000, 55, 13, 4, 1
20000, 55, 14, 4, 1
20000, 55, 14, 4, 1
20000, 55, 14, 4, 1
20000, 55, 11, 2, 2, 1
20000, 55, 11, 2, 2, 1
