80000, 46, 12, 2, 1
80000, 46, 9, 5, 3, 2, 1
80000, 46, 11, 3, 3, 2, 1
80000, 46, 12, 4, 2, 1
80000, 46, 10, 1
80000, 46, 10, 1
80000, 46, 12, 2, 1
80000, 46, 10, 4, 2, 1
80000, 46, 11, 4, 2, 2, 1
80000, 46, 12, 5, 3, 1
80000, 46, 12, 2, 1
80000, 46, 11, 2, 2, 2, 1
80000, 46, 12, 5, 1
80000, 46, 12, 3, 1
80000, 46, 13, 2, 1
80000, 46, 11, 4, 2, 1
80000, 46, 11, 4, 2, 1
80000, 46, 10, 3, 2, 1
80000, 46, 11, 3, 3, 2, 1
80000, 46, 8, 3, 3, 2, 2, 1
80000, 46, 9, 3, 1
80000, 46, 12, 3, 1
80000, 46, 11, 5, 2, 2, 2, 1
80000, 46, 10, 6, 2, 1
80000, 46, 11, 2, 1
80000, 46, 11, 4, 1
80000, 46, 10, 3, 1
80000, 46, 11, 6, 2, 1
80000, 46, 10, 4, 2, 1
80000, 46, 12, 2, 1
80000, 46, 12, 3, 2, 2, 2, 1
80000, 46, 11, 4, 1
80000, 46, 11, 5, 3, 3, 2, 1
80000, 46, 13, 6, 2, 2, 1
80000, 46, 13, 6, 1
80000, 46, 8, 3, 1
80000, 46, 11, 4, 2, 1
80000, 46, 9, 3, 3, 2, 2, 1
80000, 46, 12, 2, 1
80000, 46, 12, 3, 1
80000, 46, 13, 3, 2, 1
80000, 46, 12, 4, 2, 2, 2, 2, 2, 1
80000, 46, 11, 1
80000, 46, 12, 4, 1
80000, 46, 11, 2, 1
80000, 46, 13, 4, 1
80000, 46, 13, 2, 1
80000, 46, 10, 3, 2, 1
80000, 46, 10, 3, 2, 1
80000, 46, 11, 5, 2, 1
80000, 46, 11, 5, 3, 2, 1
80000, 46, 12, 3, 2, 1
80000, 46, 11, 4, 2, 2, 1
80000, 46, 10, 3, 2, 1
80000, 46, 13, 4, 1
80000, 46, 12, 3, 1
80000, 46, 11, 3, 2, 2, 1
80000, 46, 10, 3, 1
80000, 46, 10, 4, 2, 2, 1
80000, 46, 11, 2, 1
80000, 46, 10, 1
80000, 46, 11, 3, 1
80000, 46, 13, 4, 2, 1
80000, 46, 10, 5, 3, 1
80000, 46, 11, 3, 1
80000, 46, 12, 4, 1
80000, 46, 13, 3, 1
80000, 46, 11, 4, 1
80000, 46, 12, 3, 2, 1
80000, 46, 12, 4, 1
80000, 46, 13, 4, 1
80000, 46, 11, 1
80000, 46, 11, 3, 2, 2, 1
80000, 46, 11, 4, 1
80000, 46, 12, 4, 1
80000, 46, 11, 3, 2, 1
80000, 46, 13, 3, 1
80000, 46, 12, 2, 2, 1
80000, 46, 10, 5, 2, 2, 1
80000, 46, 12, 3, 2, 1
80000, 46, 11, 3, 2, 1
80000, 46, 12, 6, 2, 1
80000, 46, 12, 4, 1
80000, 46, 12, 7, 2, 2, 1
80000, 46, 12, 5, 1
80000, 46, 9, 4, 1
80000, 46, 10, 3, 2, 1
80000, 46, 10, 3, 1
80000, 46, 12, 4, 1
80000, 46, 12, 4, 2, 1
80000, 46, 12, 3, 1
80000, 46, 10, 5, 2, 2, 1
80000, 46, 11, 4, 3, 1
80000, 46, 10, 3, 2, 2, 2, 2, 1
80000, 46, 10, 3, 1
80000, 46, 10, 5, 1
80000, 46, 12, 4, 1
80000, 46, 12, 4, 1
80000, 46, 11, 2, 1
80000, 46, 12, 2, 1
