60000, 34, 10, 1
60000, 34, 9, 3, 1
60000, 34, 10, 3, 2, 2, 1
60000, 34, 9, 2, 1
60000, 34, 8, 3, 2, 2, 1
60000, 34, 9, 3, 2, 1
60000, 34, 9, 2, 1
60000, 34, 9, 5, 2, 1
60000, 34, 10, 3, 1
60000, 34, 9, 3, 2, 1
60000, 34, 9, 2, 1
60000, 34, 9, 4, 1
60000, 34, 9, 1
60000, 34, 8, 4, 1
60000, 34, 7, 2, 2, 1
60000, 34, 8, 2, 1
60000, 34, 10, 2, 1
60000, 34, 8, 3, 1
60000, 34, 9, 2, 2, 1
60000, 34, 9, 2, 1
60000, 34, 9, 5, 1
60000, 34, 8, 3, 2, 1
60000, 34, 8, 2, 2, 1
60000, 34, 8, 4, 2, 2, 1
60000, 34, 8, 2, 1
60000, 34, 10, 4, 1
60000, 34, 10, 3, 1
60000, 34, 8, 2, 2, 1
60000, 34, 9, 3, 2, 1
60000, 34, 8, 1
60000, 34, 8, 3, 2, 2, 1
60000, 34, 9, 5, 4, 2, 1
60000, 34, 9, 3, 1
60000, 34, 10, 3, 1
60000, 34, 9, 5, 3, 1
60000, 34, 10, 1
60000, 34, 10, 4, 3, 1
60000, 34, 9, 3, 1
60000, 34, 9, 3, 1
60000, 34, 8, 3, 3, 3, 2, 2, 1
60000, 34, 9, 2, 1
60000, 34, 7, 3, 1
60000, 34, 7, 2, 1
60000, 34, 9, 3, 2, 1
60000, 34, 7, 2, 1
60000, 34, 8, 1
60000, 34, 9, 2, 1
60000, 34, 8, 4, 1
60000, 34, 8, 3, 1
60000, 34, 10, 4, 1
60000, 34, 9, 4, 3, 1
60000, 34, 9, 2, 1
60000, 34, 7, 2, 2, 1
60000, 34, 9, 1
60000, 34, 10, 2, 1
60000, 34, 9, 5, 3, 2, 1
60000, 34, 9, 3, 1
60000, 34, 10, 4, 2, 2, 1
60000, 34, 8, 2, 1
60000, 34, 10, 3, 1
60000, 34, 8, 3, 2, 1
60000, 34, 7, 2, 1
60000, 34, 9, 4, 1
60000, 34, 8, 2, 1
60000, 34, 9, 3, 1
60000, 34, 9, 2, 1
60000, 34, 9, 1
60000, 34, 9, 3, 1
60000, 34, 9, 4, 1
60000, 34, 9, 4, 3, 1
60000, 34, 8, 2, 1
60000, 34, 10, 4, 2, 1
60000, 34, 8, 2, 2, 1
60000, 34, 8, 1
60000, 34, 7, 3, 1
60000, 34, 10, 6, 1
60000, 34, 9, 2, 1
60000, 34, 10, 3, 1
60000, 34, 8, 2, 1
60000, 34, 10, 3, 2, 1
60000, 34, 8, 3, 1
60000, 34, 9, 2, 1
60000, 34, 8, 3, 1
60000, 34, 9, 4, 2, 1
60000, 34, 9, 4, 1
60000, 34, 8, 3, 1
60000, 34, 9, 4, 2, 2, 1
60000, 34, 9, 2, 1
60000, 34, 9, 3, 2, 1
60000, 34, 9, 2, 1
60000, 34, 9, 2, 2, 1
60000, 34, 10, 4, 1
60000, 34, 9, 3, 2, 1
60000, 34, 9, 4, 2, 2, 1
60000, 34, 10, 3, 3, 2, 2, 1
60000, 34, 8, 4, 2, 1
60000, 34, 10, 1
60000, 34, 7, 4, 2, 1
60000, 34, 8, 3, 1
60000, 34, 8, 3, 1
