25000, 868, 209, 49, 11, 4, 3, 2, 1
25000, 868, 200, 45, 9, 4, 2, 2, 1
25000, 868, 202, 45, 8, 2, 1
25000, 868, 204, 49, 14, 4, 1
25000, 868, 204, 48, 15, 4, 1
25000, 868, 214, 52, 13, 3, 1
25000, 868, 216, 53, 13, 2, 1
25000, 868, 212, 50, 12, 2, 1
25000, 868, 208, 51, 13, 6, 4, 4, 2, 2, 2, 1
25000, 868, 206, 49, 12, 6, 4, 3, 3, 3, 2, 1
25000, 868, 207, 55, 16, 5, 2, 2, 1
25000, 868, 212, 60, 21, 6, 2, 2, 1
25000, 868, 215, 53, 15, 7, 3, 1
25000, 868, 218, 55, 17, 6, 3, 1
25000, 868, 202, 44, 16, 6, 4, 1
25000, 868, 203, 47, 14, 6, 4, 1
25000, 868, 208, 52, 13, 3, 1
25000, 868, 207, 53, 13, 4, 2, 1
25000, 868, 211, 55, 11, 3, 1
25000, 868, 212, 57, 19, 7, 6, 4, 3, 1
25000, 868, 208, 53, 15, 4, 4, 4, 3, 1
25000, 868, 205, 42, 11, 5, 1
25000, 868, 203, 41, 10, 5, 1
25000, 868, 215, 62, 17, 6, 2, 1
25000, 868, 216, 62, 16, 7, 2, 1
25000, 868, 204, 53, 12, 2, 1
25000, 868, 213, 58, 14, 2, 1
25000, 868, 214, 59, 16, 5, 3, 2, 1
25000, 868, 212, 61, 20, 7, 2, 1
25000, 868, 213, 58, 19, 5, 2, 1
25000, 868, 200, 48, 15, 8, 3, 1
25000, 868, 199, 46, 14, 7, 2, 1
25000, 868, 205, 52, 24, 10, 4, 1
25000, 868, 206, 54, 24, 8, 3, 1
25000, 868, 215, 52, 14, 5, 3, 1
25000, 868, 212, 50, 13, 6, 3, 1
25000, 868, 213, 47, 12, 5, 3, 1
25000, 868, 203, 49, 22, 11, 4, 3, 2, 2, 1
25000, 868, 203, 50, 21, 10, 4, 3, 2, 2, 1
25000, 868, 211, 57, 21, 3, 1
25000, 868, 214, 55, 20, 5, 3, 2, 2, 2, 1
25000, 868, 219, 60, 18, 8, 6, 2, 2, 1
25000, 868, 212, 51, 13, 4, 3, 1
25000, 868, 212, 50, 14, 5, 2, 1
25000, 868, 210, 50, 16, 5, 4, 2, 1
25000, 868, 216, 48, 12, 3, 2, 1
25000, 868, 219, 54, 15, 10, 5, 2, 1
25000, 868, 223, 56, 16, 10, 4, 2, 1
25000, 868, 213, 54, 15, 5, 1
25000, 868, 213, 52, 16, 6, 2, 1
25000, 868, 213, 48, 18, 7, 3, 2, 1
25000, 868, 217, 49, 17, 6, 3, 2, 1
25000, 868, 213, 41, 13, 6, 3, 2, 2, 2, 1
25000, 868, 208, 40, 13, 5, 2, 1
25000, 868, 199, 49, 14, 8, 6, 5, 3, 1
25000, 868, 200, 49, 16, 7, 5, 4, 3, 1
25000, 868, 202, 49, 16, 7, 5, 4, 3, 1
25000, 868, 201, 42, 11, 2, 1
25000, 868, 203, 42, 11, 2, 1
25000, 868, 209, 57, 17, 4, 2, 1
25000, 868, 208, 60, 16, 4, 2, 1
25000, 868, 208, 63, 15, 8, 3, 1
25000, 868, 202, 58, 13, 7, 2, 1
25000, 868, 218, 48, 18, 7, 3, 1
25000, 868, 211, 45, 17, 6, 3, 1
25000, 868, 218, 51, 23, 7, 1
25000, 868, 210, 60, 20, 10, 4, 2, 1
25000, 868, 201, 58, 18, 9, 4, 2, 1
25000, 868, 208, 47, 12, 3, 2, 1
25000, 868, 210, 50, 14, 5, 3, 1
25000, 868, 212, 55, 12, 6, 2, 1
25000, 868, 209, 54, 13, 6, 2, 1
25000, 868, 206, 54, 13, 2, 1
25000, 868, 204, 57, 16, 2, 1
25000, 868, 216, 54, 16, 6, 3, 1
25000, 868, 213, 55, 16, 6, 4, 2, 2, 2, 2, 1
25000, 868, 216, 53, 15, 5, 3, 1
25000, 868, 202, 49, 8, 1
25000, 868, 205, 48, 9, 3, 3, 1
25000, 868, 207, 62, 22, 3, 2, 1
25000, 868, 210, 61, 22, 3, 1
25000, 868, 209, 57, 14, 3, 1
25000, 868, 214, 58, 13, 3, 1
25000, 868, 202, 44, 16, 6, 4, 2, 1
25000, 868, 198, 43, 15, 6, 4, 2, 1
25000, 868, 200, 45, 16, 7, 4, 2, 1
25000, 868, 216, 51, 21, 6, 3, 2, 2, 1
25000, 868, 213, 53, 22, 8, 4, 2, 2, 1
25000, 868, 220, 54, 17, 8, 4, 2, 1
25000, 868, 224, 58, 19, 7, 4, 3, 2, 1
25000, 868, 213, 51, 17, 8, 3, 2, 1
25000, 868, 212, 52, 18, 7, 3, 1
25000, 868, 215, 56, 17, 7, 3, 3, 2, 1
25000, 868, 217, 54, 15, 6, 3, 3, 2, 1
25000, 868, 207, 54, 19, 6, 4, 2, 2, 2, 2, 1
25000, 868, 204, 50, 19, 6, 4, 2, 2, 2, 2, 1
25000, 868, 204, 50, 17, 5, 4, 2, 2, 2, 2, 1
25000, 868, 213, 58, 24, 7, 2, 2, 1
25000, 868, 216, 62, 24, 7, 2, 2, 1
25000, 868, 209, 64, 24, 8, 4, 3, 2, 2, 1
